muestra,t,M 5A,DUT 30A,
2,543,1.336,89.861,
3,1066,2.499,93.264,
4,1589,3.453,142.409,
5,2113,1.521,142.296,
6,2636,1.035,224.391,
7,3158,0.945,94.563,
8,3682,1.579,88.922,
9,4205,1.634,95.254,
10,4730,1.688,86.622,
muestra,t,M 5A,DUT 30A,
2,527,2.424,81.082,
3,1051,3.427,84.487,
4,1573,1.267,142.297,
5,2097,5.218,148.186,
6,2621,1.981,204.610,
7,3143,0.422,133.155,
8,3665,3.379,89.682,
9,4189,3.375,93.042,
10,4712,1.636,85.276,
11,5234,3.802,90.608,
muestra,t,M 5A,DUT 30A,
2,528,0.597,84.974,
3,1051,3.017,89.539,
4,1573,3.634,138.731,
5,2097,1.033,141.777,
6,2620,1.336,139.516,
7,3144,0.000,207.384,
8,3666,1.636,134.092,
9,4190,1.887,89.818,
10,4713,0.422,88.782,
11,5237,0.943,84.904,
12,5759,1.742,93.847,
13,6283,4.485,92.246,
muestra,t,M 5A,DUT 30A,
2,531,0.732,85.876,
3,1054,1.399,89.675,
4,1577,6.585,142.320,
5,2101,1.887,144.242,
6,2625,3.375,144.530,
7,3148,0.422,203.176,
8,3671,0.844,140.187,
9,4195,3.017,90.715,
10,4718,0.422,83.304,
11,5244,0.422,87.285,
12,5768,1.266,88.198,
muestra,t,M 5A,DUT 30A,
2,526,3.773,85.430,
3,1050,1.792,91.455,
4,1572,0.732,139.700,
5,2094,0.422,136.561,
6,2618,1.790,143.373,
7,3142,1.267,212.102,
8,3664,0.597,138.244,
9,4186,4.798,89.215,
10,4712,0.596,92.475,
11,5235,1.035,89.754,
12,5758,0.422,86.177,
muestra,t,M 5A,DUT 30A,
2,526,1.266,85.580,
3,1050,1.739,95.690,
4,1574,3.401,140.575,
5,2097,1.841,144.136,
6,2619,3.917,141.414,
7,3143,0.844,211.439,
8,3670,5.370,128.800,
9,4192,3.379,88.420,
10,4715,2.195,85.727,
11,5239,0.000,86.474,
12,5761,1.035,86.473,
muestra,t,M 5A,DUT 30A,
2,526,3.802,86.695,
3,1048,3.406,90.679,
4,1572,0.000,137.160,
5,2097,3.797,141.098,
6,2619,0.000,145.489,
7,3142,0.422,202.194,
8,3665,3.013,131.386,
9,4190,1.266,90.987,
10,4712,1.267,88.565,
11,5236,1.334,88.452,
12,5760,0.943,86.326,
muestra,t,M 5A,DUT 30A,
2,527,2.983,92.489,
3,1049,0.845,94.325,
4,1573,1.399,145.700,
5,2097,0.731,142.138,
6,2624,1.033,150.418,
7,3147,3.075,207.060,
8,3669,3.559,128.989,
9,4192,1.266,86.103,
10,4717,1.266,87.761,
11,5240,3.379,83.024,
12,5763,0.422,91.619,
muestra,t,M 5A,DUT 30A,
2,527,1.266,83.726,
3,1049,0.945,87.873,
4,1572,2.275,141.323,
5,2095,1.634,145.612,
6,2620,0.000,147.319,
7,3143,3.872,208.898,
8,3666,2.349,137.324,
9,4190,0.597,89.107,
10,4713,1.461,88.958,
11,5236,4.926,84.557,
12,5759,0.597,82.570,
muestra,t,M 5A,DUT 30A,
2,527,3.797,80.367,
3,1053,4.974,89.854,
4,1577,4.302,139.499,
5,2100,3.483,142.116,
6,2623,1.267,141.528,
7,3145,1.118,200.070,
8,3669,3.504,148.424,
9,4192,1.936,87.543,
10,4714,1.792,88.891,
11,5238,0.731,85.092,
12,5763,0.422,84.979,
muestra,t,M 5A,DUT 30A,
2,525,0.945,87.470,
3,1047,0.945,89.682,
4,1571,0.597,139.935,
5,2095,3.326,142.523,
6,2617,0.597,148.375,
7,3140,1.267,219.075,
8,3663,3.100,119.992,
9,4187,0.000,86.695,
10,4710,3.890,84.677,
11,5232,0.597,82.441,
12,5760,1.266,86.770,
muestra,t,M 5A,DUT 30A,
2,527,1.577,88.665,
3,1051,1.336,92.433,
4,1574,0.844,140.825,
5,2097,2.026,142.995,
6,2621,1.739,139.706,
7,3145,1.266,192.481,
8,3668,0.422,148.937,
9,4191,1.399,85.730,
10,4715,0.422,87.470,
11,5238,1.334,87.359,
12,5760,0.000,88.746,
muestra,t,M 5A,DUT 30A,
2,525,4.779,86.324,
3,1049,0.597,91.444,
4,1571,2.195,145.136,
5,2095,1.334,141.166,
6,2619,0.945,143.869,
7,3141,1.035,214.137,
8,3665,3.129,127.374,
9,4189,0.844,87.028,
10,4714,0.945,88.165,
11,5237,1.035,81.462,
12,5760,1.334,81.986,
muestra,t,M 5A,DUT 30A,
2,527,2.601,82.298,
3,1049,2.112,86.547,
4,1572,1.118,143.085,
5,2095,0.597,139.843,
6,2619,0.422,142.387,
7,3141,3.825,212.132,
8,3663,2.957,127.158,
9,4188,0.596,86.068,
10,4711,1.336,89.215,
11,5234,2.195,89.539,
12,5757,3.605,87.395,
muestra,t,M 5A,DUT 30A,
2,524,0.422,85.689,
3,1048,3.241,91.619,
4,1571,4.816,142.658,
5,2093,0.945,138.453,
6,2617,1.739,137.975,
7,3138,0.422,215.684,
8,3663,0.597,131.093,
9,4185,1.581,92.607,
10,4708,4.007,91.911,
11,5231,0.597,92.038,
12,5754,1.035,85.989,
muestra,t,M 5A,DUT 30A,
2,525,1.463,84.481,
3,1048,1.033,90.917,
4,1572,2.987,140.182,
5,2094,1.336,143.040,
6,2616,2.154,144.136,
7,3140,2.151,203.044,
8,3663,1.636,137.452,
9,4187,1.334,84.184,
10,4709,0.000,83.871,
11,5233,4.219,88.488,
12,5756,1.792,84.974,
muestra,t,M 5A,DUT 30A,
2,526,0.000,84.601,
3,1049,0.422,88.561,
4,1573,1.889,141.754,
5,2097,0.945,141.346,
6,2621,2.192,140.802,
7,3145,0.422,207.816,
8,3668,1.267,135.380,
9,4192,0.597,88.089,
10,4714,0.945,92.780,
11,5240,2.858,83.236,
12,5763,1.636,83.794,
muestra,t,M 5A,DUT 30A,
2,526,3.406,89.646,
3,1048,3.432,90.039,
4,1572,1.579,142.071,
5,2097,3.427,145.260,
6,2619,4.944,146.150,
7,3143,1.033,211.499,
8,3667,3.071,122.502,
9,4190,0.597,90.608,
10,4713,1.267,83.871,
11,5236,2.272,82.802,
12,5760,3.797,82.025,
muestra,t,M 5A,DUT 30A,
2,529,3.013,86.177,
3,1052,3.075,90.218,
4,1574,1.336,140.594,
5,2098,1.579,145.458,
6,2622,0.943,144.663,
7,3145,1.336,199.378,
8,3668,0.597,136.537,
9,4190,1.742,82.597,
10,4715,0.844,88.669,
11,5238,1.581,81.185,
12,5761,2.460,84.790,
muestra,t,M 5A,DUT 30A,
2,527,0.597,83.265,
3,1049,3.917,86.991,
4,1573,2.798,140.939,
5,2097,0.943,140.415,
6,2620,2.112,142.342,
7,3143,0.945,197.663,
8,3665,3.848,150.567,
9,4190,1.579,86.807,
10,4712,0.845,88.637,
11,5236,1.116,84.563,
12,5762,1.579,79.968,
muestra,t,M 5A,DUT 30A,
2,525,3.406,96.812,
3,1049,3.401,91.968,
4,1572,0.422,146.084,
5,2094,0.845,147.288,
6,2618,1.334,173.299,
7,3141,4.287,217.899,
8,3664,3.825,224.649,
9,4186,0.422,95.206,
10,4710,0.000,99.240,
11,5233,3.802,90.289,
12,5756,0.422,90.395,
13,6278,0.000,86.621,
14,6802,5.167,93.454,
muestra,t,M 5A,DUT 30A,
2,527,0.731,82.453,
3,1049,0.945,95.409,
4,1571,0.732,136.137,
5,2095,3.453,142.678,
6,2619,1.336,143.735,
7,3144,3.895,155.230,
8,3666,0.945,228.617,
9,4190,0.731,206.269,
10,4713,1.035,91.876,
11,5236,2.112,95.912,
12,5759,0.422,88.016,
13,6284,2.566,85.393,
14,6806,3.458,81.540,
15,7329,3.161,82.597,
muestra,t,M 5A,DUT 30A,
2,525,2.957,86.843,
3,1048,3.825,90.750,
4,1570,1.581,143.935,
5,2094,0.943,146.096,
6,2617,4.410,145.158,
7,3141,3.797,151.034,
8,3664,3.802,219.060,
9,4187,0.000,215.595,
10,4712,0.844,94.205,
11,5234,3.406,92.190,
12,5758,4.219,86.696,
13,6281,0.000,85.839,
14,6806,0.422,86.806,
muestra,t,M 5A,DUT 30A,
2,527,1.399,82.375,
3,1049,3.379,91.385,
4,1572,3.379,141.437,
5,2095,2.953,144.308,
6,2620,2.668,144.730,
7,3143,1.792,151.333,
8,3665,3.584,227.561,
9,4189,1.334,224.263,
10,4712,0.845,97.408,
11,5236,0.731,90.670,
12,5758,0.845,87.249,
13,6282,3.375,87.871,
14,6806,1.401,87.653,
15,7329,3.504,85.991,
muestra,t,M 5A,DUT 30A,
2,527,0.943,85.991,
3,1050,5.208,86.026,
4,1572,3.825,135.309,
5,2096,0.000,143.730,
6,2622,2.112,147.637,
7,3144,1.267,155.809,
8,3667,1.401,224.477,
9,4190,0.844,223.934,
10,4715,1.887,94.782,
11,5237,4.872,93.126,
12,5761,1.790,84.601,
13,6286,0.844,86.770,
14,6808,3.825,84.747,
15,7330,0.597,86.732,
muestra,t,M 5A,DUT 30A,
2,525,2.275,85.389,
3,1049,1.521,90.209,
4,1572,0.597,141.369,
5,2095,2.195,145.180,
6,2617,0.597,145.379,
7,3141,0.000,151.225,
8,3664,0.945,218.046,
9,4187,1.035,215.602,
10,4709,1.889,91.561,
11,5233,3.890,90.811,
12,5759,0.000,88.165,
13,6281,1.792,90.750,
14,6803,0.597,88.999,
15,7328,3.401,86.400,
muestra,t,M 5A,DUT 30A,
2,526,3.844,86.028,
3,1050,0.000,93.351,
4,1573,4.007,142.252,
5,2095,1.118,149.668,
6,2619,2.566,145.590,
7,3142,0.945,157.470,
8,3665,3.017,220.128,
9,4187,0.597,216.464,
10,4711,3.702,92.281,
11,5234,1.636,93.022,
12,5756,3.825,88.637,
13,6280,1.033,83.111,
14,6805,1.579,83.993,
muestra,t,M 5A,DUT 30A,
2,526,1.033,87.138,
3,1049,4.245,90.502,
4,1572,2.314,138.847,
5,2097,5.259,139.009,
6,2620,2.531,141.007,
7,3143,1.581,137.358,
8,3667,0.844,197.898,
9,4190,0.597,220.303,
10,4713,0.844,168.880,
11,5237,3.848,92.538,
12,5760,0.844,90.316,
13,6282,0.000,88.492,
14,6807,0.422,87.907,
15,7329,0.597,90.502,
muestra,t,M 5A,DUT 30A,
2,527,3.504,84.487,
3,1049,5.156,92.225,
4,1572,4.589,140.297,
5,2095,3.479,143.462,
6,2618,3.104,144.403,
7,3142,3.427,149.606,
8,3664,0.732,222.710,
9,4188,0.000,212.104,
10,4711,0.000,96.646,
11,5237,5.436,88.886,
12,5760,4.052,89.825,
13,6284,2.023,85.991,
14,6807,1.742,81.422,
15,7330,1.887,83.381,
muestra,t,M 5A,DUT 30A,
2,526,1.266,86.622,
3,1051,1.334,87.651,
4,1573,1.035,143.869,
5,2097,5.370,143.037,
6,2622,3.375,143.975,
7,3144,3.217,154.484,
8,3667,2.352,216.627,
9,4189,1.523,226.911,
10,4714,0.597,90.564,
11,5236,3.509,93.264,
12,5758,0.845,88.165,
13,6282,0.422,88.524,
14,6807,0.844,87.065,
muestra,t,M 5A,DUT 30A,
2,526,1.033,84.639,
3,1048,1.523,84.861,
4,1575,0.943,131.897,
5,2098,1.267,145.666,
6,2620,1.035,149.539,
7,3143,0.597,146.720,
8,3667,0.422,215.015,
9,4190,0.422,219.441,
10,4713,1.636,109.925,
11,5236,2.983,88.343,
12,5760,2.987,87.433,
13,6282,3.634,84.671,
14,6804,0.845,85.276,
15,7328,0.000,88.016,
muestra,t,M 5A,DUT 30A,
2,527,1.634,85.916,
3,1050,1.581,91.315,
4,1572,1.841,142.049,
5,2096,3.530,147.253,
6,2620,4.002,148.099,
7,3143,1.523,150.908,
8,3666,0.845,215.885,
9,4189,4.160,206.672,
10,4716,4.974,93.248,
11,5238,0.000,90.715,
12,5766,5.252,88.416,
13,6290,0.844,87.101,
14,6814,1.266,79.122,
muestra,t,M 5A,DUT 30A,
2,526,0.844,88.597,
3,1049,0.844,93.145,
4,1574,0.597,135.964,
5,2096,1.035,145.798,
6,2620,3.530,142.992,
7,3145,0.000,149.477,
8,3667,0.000,226.457,
9,4190,1.267,218.811,
10,4713,0.943,92.316,
11,5238,0.844,82.763,
12,5760,1.336,87.690,
13,6283,1.336,86.324,
14,6806,2.635,87.101,
muestra,t,M 5A,DUT 30A,
2,526,1.334,87.651,
3,1053,0.844,86.991,
4,1576,1.401,137.592,
5,2098,0.597,143.757,
6,2622,3.726,145.656,
7,3145,0.422,149.174,
8,3668,0.845,223.473,
9,4190,0.597,217.500,
10,4714,0.000,94.680,
11,5237,0.422,89.789,
12,5760,1.035,85.125,
13,6283,0.000,82.375,
14,6808,5.452,83.304,
muestra,t,M 5A,DUT 30A,
2,524,0.845,83.985,
3,1047,0.422,90.962,
4,1570,3.820,139.499,
5,2094,0.000,143.130,
6,2617,1.193,144.220,
7,3140,2.987,155.520,
8,3664,1.334,221.806,
9,4187,0.000,220.347,
10,4709,0.422,97.539,
11,5235,1.579,83.073,
12,5759,0.597,86.584,
13,6281,0.845,89.718,
14,6803,0.945,87.653,
muestra,t,M 5A,DUT 30A,
2,526,1.401,88.528,
3,1048,1.267,91.666,
4,1572,2.566,138.670,
5,2097,0.597,145.854,
6,2619,3.483,145.666,
7,3141,0.945,147.963,
8,3665,0.597,221.271,
9,4189,0.422,230.046,
10,4711,3.379,94.665,
11,5233,0.422,92.746,
12,5757,2.983,89.639,
13,6280,3.825,87.727,
14,6804,3.797,88.524,
15,7326,2.195,81.776,
muestra,t,M 5A,DUT 30A,
2,525,4.816,81.816,
3,1052,1.685,88.953,
4,1576,4.798,138.244,
5,2098,1.841,144.514,
6,2621,2.672,146.479,
7,3144,4.679,147.775,
8,3668,0.597,219.734,
9,4191,4.030,220.565,
10,4714,3.935,99.851,
11,5238,1.399,86.548,
12,5761,1.401,88.927,
13,6283,0.945,84.823,
14,6807,0.943,87.028,
15,7332,0.422,84.866,
muestra,t,M 5A,DUT 30A,
2,526,3.479,86.511,
3,1049,1.267,94.291,
4,1571,1.742,143.063,
5,2095,0.597,146.817,
6,2620,0.943,140.597,
7,3142,1.118,155.437,
8,3665,3.406,211.602,
9,4189,1.399,205.569,
10,4714,1.267,93.847,
11,5236,3.802,88.963,
12,5760,0.000,87.212,
13,6283,3.427,87.943,
14,6808,0.731,85.505,
muestra,t,M 5A,DUT 30A,
2,524,1.035,85.502,
3,1047,0.845,88.710,
4,1570,2.635,139.085,
5,2093,1.267,141.255,
6,2617,2.023,148.013,
7,3139,0.945,147.048,
8,3663,2.861,221.893,
9,4187,3.917,223.961,
10,4710,0.943,94.646,
11,5232,0.845,87.065,
12,5757,1.461,86.474,
13,6279,0.845,83.602,
14,6802,1.401,88.274,
15,7325,1.579,86.363,
muestra,t,M 5A,DUT 30A,
2,530,2.272,85.430,
3,1053,2.109,91.863,
4,1576,0.945,143.712,
5,2099,1.193,143.685,
6,2623,3.379,144.670,
7,3146,3.375,151.880,
8,3669,1.690,215.885,
9,4192,0.000,220.313,
10,4717,1.521,99.594,
11,5239,0.000,88.710,
12,5762,1.195,84.974,
13,6285,1.334,84.145,
14,6808,1.118,88.673,
15,7332,3.935,85.916,
muestra,t,M 5A,DUT 30A,
2,525,4.030,87.727,
3,1048,3.375,113.657,
4,1572,3.479,142.431,
5,2095,1.792,152.748,
6,2618,0.422,146.216,
7,3140,2.987,184.519,
8,3667,3.797,229.236,
9,4190,5.393,225.334,
10,4712,2.957,182.400,
11,5236,5.452,105.043,
12,5759,3.825,93.984,
13,6283,0.943,90.245,
14,6805,0.422,90.324,
15,7329,4.792,98.592,
16,7852,0.000,89.574,
muestra,t,M 5A,DUT 30A,
2,525,0.597,92.642,
3,1048,0.422,97.119,
4,1573,0.000,139.935,
5,2095,0.422,147.767,
6,2618,0.422,149.904,
7,3141,1.033,148.143,
8,3666,1.688,184.995,
9,4189,3.778,219.734,
10,4711,3.379,221.074,
11,5235,3.185,185.756,
12,5759,4.490,93.332,
13,6282,1.266,93.385,
14,6808,0.422,90.280,
15,7333,2.668,89.173,
16,7855,2.535,88.927,
17,8378,3.272,91.279,
muestra,t,M 5A,DUT 30A,
2,525,0.732,89.359,
3,1047,3.217,92.642,
4,1571,0.422,144.973,
5,2095,0.945,143.175,
6,2617,0.000,151.163,
7,3140,2.987,149.453,
8,3663,0.422,189.614,
9,4188,0.422,226.678,
10,4711,3.895,230.115,
11,5235,0.844,184.319,
12,5759,0.422,92.212,
13,6282,3.802,95.946,
14,6805,1.266,86.844,
15,7329,0.731,85.692,
16,7852,0.597,86.361,
17,8376,0.422,91.863,
muestra,t,M 5A,DUT 30A,
2,526,0.000,89.568,
3,1049,2.957,90.253,
4,1572,1.742,141.164,
5,2094,0.422,149.131,
6,2618,2.496,150.609,
7,3141,0.845,149.925,
8,3664,0.732,171.566,
9,4187,2.987,207.091,
10,4711,2.983,226.947,
11,5235,0.422,198.335,
12,5758,3.379,92.468,
13,6281,0.844,93.762,
14,6804,0.000,88.274,
15,7328,0.597,85.692,
16,7850,0.000,83.371,
17,8374,3.890,89.639,
muestra,t,M 5A,DUT 30A,
2,526,0.422,85.954,
3,1051,0.000,90.138,
4,1573,1.792,135.948,
5,2098,0.597,147.332,
6,2622,0.844,146.008,
7,3145,0.845,148.201,
8,3669,0.422,186.771,
9,4192,1.035,222.883,
10,4716,0.844,223.088,
11,5240,0.000,176.994,
12,5763,3.379,94.902,
13,6286,0.000,93.557,
14,6809,0.422,90.395,
15,7333,2.151,89.889,
16,7855,0.597,88.528,
17,8379,1.334,88.089,
18,8902,0.597,86.063,
muestra,t,M 5A,DUT 30A,
2,524,1.267,86.324,
3,1048,4.176,88.307,
4,1571,0.422,140.685,
5,2095,0.422,143.261,
6,2618,0.732,145.467,
7,3141,1.933,154.328,
8,3669,3.629,188.563,
9,4191,3.802,222.118,
10,4714,2.570,222.926,
11,5239,3.890,174.736,
12,5762,0.597,93.385,
13,6285,3.848,92.399,
14,6808,3.890,83.342,
15,7333,3.797,87.907,
16,7855,0.732,87.433,
17,8379,1.266,89.245,
muestra,t,M 5A,DUT 30A,
2,527,1.579,84.069,
3,1049,3.189,89.107,
4,1573,1.461,146.052,
5,2098,4.047,151.013,
6,2620,3.917,141.027,
7,3144,1.634,146.992,
8,3668,4.660,182.379,
9,4191,3.731,222.060,
10,4714,0.422,217.795,
11,5236,1.195,176.730,
12,5760,3.605,91.724,
13,6287,0.000,92.628,
14,6809,4.908,91.174,
15,7333,0.597,91.128,
16,7858,0.844,90.493,
17,8380,1.981,87.800,
muestra,t,M 5A,DUT 30A,
2,526,3.427,88.380,
3,1050,2.151,93.899,
4,1573,1.401,141.118,
5,2095,1.035,150.737,
6,2619,2.983,152.280,
7,3143,0.597,147.492,
8,3666,1.401,180.666,
9,4189,2.604,219.456,
10,4712,0.000,231.507,
11,5235,4.002,179.564,
12,5760,0.597,99.659,
13,6282,0.422,94.970,
14,6805,4.370,90.004,
15,7329,1.334,80.407,
16,7853,2.460,88.053,
17,8378,0.845,87.507,
muestra,t,M 5A,DUT 30A,
2,524,0.597,91.139,
3,1048,1.116,86.065,
4,1572,0.731,143.886,
5,2095,0.422,150.801,
6,2617,0.000,141.913,
7,3140,3.802,152.538,
8,3663,0.000,184.891,
9,4187,2.275,224.820,
10,4709,0.597,224.834,
11,5232,0.422,184.013,
12,5755,0.844,92.107,
13,6279,0.845,97.077,
14,6802,1.579,92.800,
15,7324,0.945,90.004,
16,7849,3.605,86.177,
17,8371,0.000,92.433,
muestra,t,M 5A,DUT 30A,
2,527,3.820,84.298,
3,1049,3.046,94.155,
4,1574,0.000,145.864,
5,2098,0.597,149.284,
6,2621,2.957,145.003,
7,3144,5.122,149.968,
8,3666,0.422,173.205,
9,4190,2.192,219.979,
10,4713,0.945,217.160,
11,5236,2.987,207.880,
12,5759,0.422,94.443,
13,6283,0.000,95.287,
14,6807,1.739,83.265,
15,7329,3.802,90.324,
16,7851,0.000,90.146,
17,8377,3.816,82.774,
muestra,t,M 5A,DUT 30A,
2,527,3.427,90.670,
3,1049,0.597,90.360,
4,1572,0.597,145.798,
5,2095,0.000,141.166,
6,2620,1.790,145.546,
7,3142,3.432,146.062,
8,3665,1.523,190.514,
9,4191,3.629,215.580,
10,4714,0.845,221.582,
11,5237,0.422,192.993,
12,5759,3.406,96.280,
13,6283,3.427,92.385,
14,6806,0.845,91.981,
15,7328,1.336,87.360,
16,7852,0.422,85.618,
17,8377,0.422,84.639,
muestra,t,M 5A,DUT 30A,
2,527,0.422,85.393,
3,1049,1.742,88.201,
4,1571,0.422,145.577,
5,2095,0.597,144.818,
6,2620,3.071,144.508,
7,3142,0.422,149.281,
8,3666,0.597,176.196,
9,4190,0.422,216.203,
10,4713,0.732,220.142,
11,5236,3.872,189.703,
12,5758,0.000,90.856,
13,6284,5.501,90.599,
14,6809,0.422,91.304,
15,7331,0.597,88.092,
16,7855,0.731,90.635,
17,8380,1.739,88.416,
muestra,t,M 5A,DUT 30A,
2,526,2.349,86.622,
3,1049,1.401,91.525,
4,1571,0.945,139.815,
5,2095,0.422,148.337,
6,2619,5.098,143.462,
7,3142,3.825,151.757,
8,3666,1.887,183.168,
9,4189,0.000,227.913,
10,4712,0.597,227.468,
11,5237,3.013,184.075,
12,5760,0.732,99.172,
13,6283,0.597,98.722,
14,6808,0.943,91.128,
15,7331,0.422,92.107,
16,7853,0.732,88.274,
17,8379,0.597,91.619,
muestra,t,M 5A,DUT 30A,
2,526,0.597,92.558,
3,1049,1.887,86.844,
4,1573,4.096,143.063,
5,2095,3.509,148.396,
6,2619,0.422,148.445,
7,3143,0.731,149.005,
8,3666,0.422,177.075,
9,4189,3.509,220.230,
10,4712,0.732,222.060,
11,5235,0.844,199.366,
12,5760,1.688,95.991,
13,6282,1.742,93.401,
14,6806,0.597,88.307,
15,7331,0.597,84.601,
16,7853,0.945,87.139,
17,8375,0.597,86.843,
muestra,t,M 5A,DUT 30A,
2,526,3.401,85.167,
3,1049,2.069,96.547,
4,1569,0.000,139.493,
5,2093,0.943,148.941,
6,2617,3.401,143.552,
7,3140,1.581,149.561,
8,3664,3.844,181.746,
9,4187,0.597,223.387,
10,4712,1.634,217.518,
11,5234,1.195,189.025,
12,5757,0.945,92.364,
13,6280,0.000,101.475,
14,6805,0.422,91.724,
15,7327,1.401,89.107,
16,7849,1.463,90.039,
muestra,t,M 5A,DUT 30A,
2,526,1.334,83.649,
3,1049,2.112,89.395,
4,1576,3.104,138.267,
5,2100,2.424,147.753,
6,2623,3.483,146.150,
7,3147,1.634,145.722,
8,3670,0.000,185.560,
9,4193,3.890,219.425,
10,4719,1.981,233.414,
11,5243,3.401,166.145,
12,5765,4.471,96.845,
13,6291,2.949,100.013,
14,6814,0.597,85.539,
15,7336,2.672,85.802,
16,7860,0.943,86.844,
17,8384,3.427,88.125,
muestra,t,M 5A,DUT 30A,
2,527,0.596,84.871,
3,1050,1.336,93.745,
4,1574,4.155,141.166,
5,2097,4.096,149.582,
6,2620,0.000,145.326,
7,3145,0.000,145.612,
8,3667,3.634,181.977,
9,4190,3.985,213.446,
10,4714,0.844,210.999,
11,5237,3.895,185.837,
12,5760,0.000,92.468,
13,6283,0.731,93.145,
14,6810,2.861,82.725,
15,7333,1.523,86.991,
16,7856,3.629,89.639,
17,8380,0.000,84.904,
muestra,t,M 5A,DUT 30A,
2,525,0.597,85.238,
3,1047,0.732,93.916,
4,1572,0.000,135.940,
5,2095,3.046,146.830,
6,2617,3.895,149.109,
7,3141,1.033,149.906,
8,3664,0.597,181.659,
9,4187,3.017,225.120,
10,4709,2.112,231.798,
11,5233,0.731,184.458,
12,5757,1.267,93.022,
13,6280,2.566,94.545,
14,6803,1.336,94.597,
15,7326,3.820,96.689,
16,7850,1.401,93.126,
17,8373,3.820,82.103,
muestra,t,M 5A,DUT 30A,
2,525,3.017,81.422,
3,1048,3.013,95.589,
4,1571,1.792,137.639,
5,2094,0.422,141.686,
6,2616,1.841,138.291,
7,3140,1.334,143.060,
8,3663,2.352,156.405,
9,4185,3.406,226.769,
10,4708,3.534,225.320,
11,5232,0.597,228.914,
12,5755,2.154,95.476,
13,6277,1.267,86.954,
14,6800,0.422,93.745,
15,7323,1.521,84.525,
16,7846,0.597,85.276,
17,8369,2.235,89.718,
muestra,t,M 5A,DUT 30A,
2,526,6.157,90.387,
3,1051,3.241,93.454,
4,1573,0.422,137.171,
5,2098,0.000,142.410,
6,2621,3.980,140.939,
7,3145,2.535,139.516,
8,3667,1.035,143.869,
9,4190,1.463,224.977,
10,4714,3.797,217.798,
11,5237,0.422,224.991,
12,5759,0.732,99.560,
13,6282,3.406,90.218,
14,6805,1.521,93.864,
15,7328,4.666,89.071,
16,7852,3.504,87.615,
17,8374,1.401,86.436,
muestra,t,M 5A,DUT 30A,
2,525,1.841,99.496,
3,1048,1.933,97.744,
4,1572,0.844,142.296,
5,2096,1.579,147.188,
6,2619,3.658,150.396,
7,3141,0.422,151.333,
8,3665,0.000,214.014,
9,4189,0.000,97.907,
10,4715,0.000,87.028,
11,5238,1.399,93.385,
12,5763,0.943,93.110,
13,6285,0.422,93.539,
muestra,t,M 5A,DUT 30A,
2,526,2.668,81.633,
3,1050,0.844,91.093,
4,1573,4.908,143.869,
5,2096,1.336,147.114,
6,2618,4.030,146.150,
7,3142,3.605,151.922,
8,3665,1.889,224.448,
9,4189,0.943,93.694,
10,4712,2.672,87.836,
11,5236,3.797,87.761,
12,5759,0.945,84.291,
13,6281,1.981,85.951,
muestra,t,M 5A,DUT 30A,
2,526,1.461,87.943,
3,1049,3.406,84.519,
4,1572,0.597,146.786,
5,2096,0.597,140.136,
6,2620,0.422,141.211,
7,3144,2.770,157.368,
8,3666,1.118,220.536,
9,4190,1.461,90.032,
10,4714,0.422,88.850,
11,5238,1.461,87.432,
12,5761,0.945,84.974,
13,6284,0.422,87.138,
muestra,t,M 5A,DUT 30A,
2,526,3.427,83.381,
3,1048,0.000,93.710,
4,1572,2.192,143.060,
5,2096,1.792,143.935,
6,2618,0.000,142.770,
7,3140,1.267,144.002,
8,3664,1.521,145.370,
9,4188,0.422,172.927,
10,4710,1.118,190.261,
11,5233,0.597,87.176,
12,5756,0.422,96.291,
13,6280,2.535,87.102,
14,6804,1.792,86.361,
15,7329,0.421,88.195,
muestra,t,M 5A,DUT 30A,
2,525,2.154,88.420,
3,1049,0.844,88.777,
4,1572,1.267,139.815,
5,2095,1.523,142.500,
6,2617,3.133,144.559,
7,3141,1.266,140.597,
8,3664,1.336,146.260,
9,4188,0.943,192.930,
10,4711,4.030,164.161,
11,5234,1.521,89.925,
12,5759,0.844,87.943,
13,6281,4.007,86.917,
14,6804,0.732,88.927,
muestra,t,M 5A,DUT 30A,
2,526,3.375,90.351,
3,1048,1.267,91.946,
4,1572,3.071,136.903,
5,2096,1.981,143.264,
6,2621,5.620,144.248,
7,3143,3.609,146.961,
8,3667,2.701,140.301,
9,4190,1.463,176.839,
10,4714,1.739,178.849,
11,5238,1.739,88.994,
12,5761,0.597,85.652,
13,6284,2.738,86.026,
14,6806,1.463,83.178,
15,7330,0.422,90.528,
muestra,t,M 5A,DUT 30A,
2,526,1.266,84.979,
3,1049,0.597,88.963,
4,1573,3.401,132.406,
5,2095,3.985,140.799,
6,2619,3.375,142.206,
7,3143,1.792,143.935,
8,3665,1.581,140.205,
9,4188,3.017,187.917,
10,4711,0.597,176.940,
11,5236,2.192,90.387,
12,5762,0.422,86.659,
13,6286,1.839,85.130,
14,6809,0.945,89.359,
15,7332,1.267,85.839,
muestra,t,M 5A,DUT 30A,
2,526,1.035,83.448,
3,1048,1.336,97.210,
4,1572,3.890,136.481,
5,2096,3.609,139.654,
6,2618,0.945,134.260,
7,3140,0.422,139.838,
8,3664,0.597,144.685,
9,4188,3.985,185.283,
10,4710,3.802,174.793,
11,5233,0.945,92.884,
12,5756,3.504,93.145,
13,6280,0.945,84.823,
14,6803,2.566,85.692,
15,7325,3.825,85.351,
muestra,t,M 5A,DUT 30A,
2,525,0.422,81.894,
3,1049,0.731,91.689,
4,1575,0.000,136.739,
5,2098,0.845,139.861,
6,2622,0.422,141.868,
7,3145,1.267,141.754,
8,3668,0.597,142.026,
9,4193,0.000,177.085,
10,4716,3.778,181.465,
11,5238,1.035,90.004,
12,5762,1.579,82.686,
13,6285,2.604,87.139,
14,6808,0.422,88.456,
15,7331,0.000,87.798,
muestra,t,M 5A,DUT 30A,
2,526,3.401,86.400,
3,1051,3.375,89.996,
4,1573,4.052,137.732,
5,2096,1.336,142.162,
6,2619,1.399,141.981,
7,3144,0.000,142.925,
8,3666,0.845,142.883,
9,4189,3.046,181.075,
10,4715,1.266,177.338,
11,5238,1.336,92.364,
12,5762,3.401,87.871,
13,6284,4.430,84.595,
14,6808,0.422,92.281,
muestra,t,M 5A,DUT 30A,
2,526,1.033,86.363,
3,1050,1.266,92.281,
4,1572,0.732,136.184,
5,2096,3.427,139.545,
6,2620,0.943,141.143,
7,3143,0.845,140.936,
8,3665,1.401,139.147,
9,4189,5.115,190.069,
10,4714,3.401,173.521,
11,5236,2.352,94.052,
12,5759,2.314,86.473,
13,6282,1.334,94.477,
14,6807,0.731,88.016,
15,7330,0.943,81.672,
muestra,t,M 5A,DUT 30A,
2,528,0.943,90.280,
3,1051,1.690,88.456,
4,1575,4.323,140.666,
5,2097,1.267,139.700,
6,2621,1.634,143.730,
7,3144,1.690,145.268,
8,3668,0.000,142.836,
9,4190,0.945,183.436,
10,4714,4.002,180.436,
11,5237,1.267,87.139,
12,5760,0.000,85.201,
13,6283,3.401,87.395,
14,6808,1.266,88.813,
15,7331,0.422,88.380,
muestra,t,M 5A,DUT 30A,
2,527,4.302,85.879,
3,1049,0.422,90.892,
4,1573,3.797,139.866,
5,2096,0.845,138.012,
6,2619,4.510,133.757,
7,3142,2.192,143.283,
8,3666,0.597,140.461,
9,4192,1.981,184.118,
10,4715,3.213,169.505,
11,5238,0.597,88.492,
12,5761,0.000,88.416,
13,6285,4.117,89.574,
14,6808,1.193,83.265,
muestra,t,M 5A,DUT 30A,
2,527,0.943,82.918,
3,1049,1.336,89.574,
4,1573,3.042,144.530,
5,2098,3.375,143.462,
6,2620,4.224,140.136,
7,3144,0.422,144.019,
8,3668,1.033,144.286,
9,4191,0.597,176.056,
10,4714,1.035,182.946,
11,5236,4.666,92.676,
12,5760,4.425,87.651,
13,6283,0.422,87.763,
14,6805,0.422,87.727,
15,7329,0.000,84.412,
muestra,t,M 5A,DUT 30A,
2,526,0.943,88.452,
3,1048,2.195,94.665,
4,1573,2.983,141.664,
5,2096,1.336,141.935,
6,2618,4.569,142.815,
7,3142,0.943,139.131,
8,3665,2.987,142.928,
9,4189,0.943,190.742,
10,4712,4.007,174.830,
11,5235,1.266,89.675,
12,5758,0.000,86.954,
13,6282,0.000,88.162,
14,6804,0.422,85.764,
15,7328,3.890,83.073,
muestra,t,M 5A,DUT 30A,
2,526,2.109,84.753,
3,1049,3.406,94.665,
4,1572,1.936,137.452,
5,2094,1.336,144.203,
6,2618,1.334,148.316,
7,3144,2.463,139.355,
8,3666,1.936,144.670,
9,4188,0.000,178.430,
10,4712,1.266,181.957,
11,5236,1.336,89.395,
12,5759,1.266,86.659,
13,6282,0.732,90.785,
14,6806,2.701,91.968,
15,7328,0.597,80.789,
muestra,t,M 5A,DUT 30A,
2,526,3.353,86.287,
3,1048,4.926,88.420,
4,1571,1.401,139.263,
5,2094,0.597,142.184,
6,2619,1.579,140.711,
7,3142,2.499,142.523,
8,3664,3.406,143.600,
9,4188,2.272,169.996,
10,4711,2.463,186.424,
11,5235,1.461,88.198,
12,5757,0.597,88.565,
13,6282,0.422,91.409,
14,6808,0.422,89.460,
15,7330,1.336,82.753,
muestra,t,M 5A,DUT 30A,
2,527,0.844,81.358,
3,1049,1.636,88.891,
4,1572,1.336,139.815,
5,2096,0.943,141.098,
6,2619,3.406,144.181,
7,3141,0.422,144.002,
8,3665,3.013,145.194,
9,4189,0.422,179.418,
10,4711,0.597,178.214,
11,5233,3.189,89.574,
12,5758,0.421,89.096,
13,6282,4.530,90.821,
14,6804,3.802,88.128,
muestra,t,M 5A,DUT 30A,
2,527,0.943,87.028,
3,1049,1.792,93.298,
4,1571,0.845,137.124,
5,2095,0.597,141.483,
6,2621,0.845,144.270,
7,3144,0.422,139.999,
8,3666,4.872,140.731,
9,4190,0.422,186.204,
10,4714,0.597,179.382,
11,5237,3.453,90.174,
12,5760,0.000,92.294,
13,6284,1.839,79.888,
14,6807,1.336,89.825,
muestra,t,M 5A,DUT 30A,
2,525,0.000,91.139,
3,1048,3.917,91.279,
4,1571,3.530,143.552,
5,2096,2.192,144.264,
6,2619,0.422,142.252,
7,3141,3.406,134.976,
8,3665,0.844,148.876,
9,4188,3.432,183.699,
10,4712,0.000,168.823,
11,5234,0.732,92.399,
12,5760,0.000,84.946,
13,6286,0.943,84.753,
14,6809,0.000,88.963,
muestra,t,M 5A,DUT 30A,
2,525,3.161,103.452,
3,1049,1.266,91.724,
4,1572,0.845,142.838,
5,2099,3.778,142.883,
6,2622,1.266,146.883,
7,3147,2.601,143.127,
8,3670,3.731,154.816,
9,4192,1.523,226.088,
10,4716,2.460,224.005,
11,5239,3.895,89.574,
12,5763,2.460,91.759,
13,6285,1.267,87.873,
14,6809,1.033,84.639,
15,7332,0.422,82.869,
16,7854,3.872,90.608,
muestra,t,M 5A,DUT 30A,
2,525,0.422,84.557,
3,1047,0.422,91.315,
4,1571,4.810,144.220,
5,2097,3.406,145.622,
6,2619,3.895,142.297,
7,3141,1.035,147.506,
8,3666,2.496,142.476,
9,4189,0.845,147.179,
10,4711,3.458,207.834,
11,5235,1.116,224.163,
12,5758,3.299,143.354,
13,6280,2.154,95.778,
14,6804,1.334,83.879,
15,7327,3.401,88.271,
16,7852,4.025,83.188,
17,8374,1.336,85.839,
muestra,t,M 5A,DUT 30A,
2,525,1.792,84.367,
3,1047,0.945,90.289,
4,1571,1.334,142.925,
5,2094,1.267,141.596,
6,2617,3.825,146.150,
7,3139,4.266,147.485,
8,3663,1.334,143.663,
9,4188,1.118,144.515,
10,4711,0.422,205.174,
11,5233,4.742,228.251,
12,5757,2.272,143.819,
13,6280,0.000,95.004,
14,6803,4.390,91.279,
15,7326,0.422,89.639,
16,7851,0.597,85.655,
17,8373,1.742,84.291,
18,8895,3.825,84.024,
muestra,t,M 5A,DUT 30A,
2,526,0.000,87.727,
3,1048,4.030,88.056,
4,1572,1.521,138.369,
5,2095,0.845,140.113,
6,2618,1.581,142.748,
7,3140,1.936,143.018,
8,3664,0.597,143.708,
9,4187,2.195,140.685,
10,4710,1.195,190.194,
11,5232,1.636,216.909,
12,5758,1.461,185.549,
13,6283,0.000,93.076,
14,6805,1.523,82.403,
15,7329,1.033,84.298,
16,7854,5.098,86.140,
17,8376,3.609,84.633,
muestra,t,M 5A,DUT 30A,
2,524,0.422,89.718,
3,1048,0.000,92.281,
4,1572,0.731,138.277,
5,2095,0.597,141.822,
6,2618,1.792,145.268,
7,3140,1.523,146.917,
8,3665,5.269,142.274,
9,4187,0.732,139.700,
10,4710,3.534,209.589,
11,5233,0.732,232.449,
12,5757,4.090,153.161,
13,6281,3.213,85.054,
14,6803,0.597,88.999,
15,7328,3.397,87.028,
16,7854,3.848,84.747,
17,8376,3.872,83.410,
muestra,t,M 5A,DUT 30A,
2,526,2.531,87.212,
3,1048,0.845,91.911,
4,1573,0.943,139.039,
5,2096,0.597,141.822,
6,2618,0.597,146.917,
7,3140,1.523,141.868,
8,3665,2.566,144.530,
9,4188,1.118,144.314,
10,4710,0.000,192.777,
11,5234,1.461,217.489,
12,5758,3.634,162.765,
13,6280,1.523,91.771,
14,6802,0.000,89.071,
15,7326,3.100,88.813,
16,7849,2.154,87.836,
17,8373,0.943,85.730,
muestra,t,M 5A,DUT 30A,
2,526,1.790,83.879,
3,1051,2.109,92.800,
4,1577,0.422,142.566,
5,2100,2.865,149.947,
6,2623,2.531,144.929,
7,3147,5.174,143.376,
8,3669,1.841,148.223,
9,4192,0.597,142.658,
10,4717,2.923,204.538,
11,5239,3.458,222.190,
12,5763,0.422,141.075,
13,6287,0.000,94.782,
14,6810,1.336,88.710,
15,7332,4.308,93.298,
16,7856,3.890,84.639,
17,8380,0.597,86.991,
muestra,t,M 5A,DUT 30A,
2,526,2.109,84.525,
3,1048,0.845,88.710,
4,1572,3.241,141.958,
5,2095,0.422,150.950,
6,2619,0.422,143.841,
7,3142,0.732,145.820,
8,3669,0.422,146.074,
9,4191,1.889,143.757,
10,4714,1.336,208.652,
11,5238,2.311,231.185,
12,5761,2.987,154.380,
13,6284,0.845,92.225,
14,6807,0.000,94.001,
15,7331,1.266,93.933,
16,7855,4.155,86.733,
17,8378,1.336,78.857,
muestra,t,M 5A,DUT 30A,
2,526,1.336,89.682,
3,1049,0.597,91.981,
4,1572,4.155,141.393,
5,2096,0.943,149.005,
6,2619,0.000,147.332,
7,3142,1.035,136.702,
8,3664,0.845,144.848,
9,4188,1.334,143.618,
10,4712,4.030,205.581,
11,5234,0.422,232.573,
12,5760,1.688,139.637,
13,6285,0.731,93.145,
14,6807,1.690,84.138,
15,7331,2.566,87.359,
16,7855,0.000,89.317,
muestra,t,M 5A,DUT 30A,
2,527,0.943,86.807,
3,1049,1.792,89.968,
4,1573,3.935,147.861,
5,2096,0.845,140.365,
6,2620,2.668,148.812,
7,3143,3.634,138.407,
8,3666,0.943,144.264,
9,4190,3.379,142.342,
10,4713,0.945,201.047,
11,5235,0.845,220.754,
12,5759,1.979,136.387,
13,6282,1.035,92.849,
14,6805,1.463,92.849,
15,7327,3.458,81.264,
16,7851,2.953,83.227,
17,8376,0.422,84.062,
muestra,t,M 5A,DUT 30A,
2,525,2.195,84.595,
3,1047,1.336,88.347,
4,1571,0.422,140.301,
5,2094,3.634,140.503,
6,2617,1.981,145.776,
7,3139,3.917,141.550,
8,3663,0.943,144.108,
9,4186,0.000,148.071,
10,4709,3.379,192.793,
11,5231,3.458,222.883,
12,5755,2.151,162.854,
13,6279,1.195,90.750,
14,6802,2.953,91.479,
15,7325,3.707,88.746,
16,7848,3.375,87.725,
17,8372,3.379,85.125,
muestra,t,M 5A,DUT 30A,
2,526,4.660,85.167,
3,1049,0.945,92.953,
4,1576,2.109,139.499,
5,2099,0.731,140.461,
6,2624,1.739,143.462,
7,3146,0.945,145.069,
8,3669,2.154,143.891,
9,4192,2.272,147.319,
10,4716,2.026,206.314,
11,5238,3.432,219.704,
12,5761,1.336,136.019,
13,6284,1.790,89.639,
14,6807,0.845,89.932,
15,7331,0.597,83.726,
16,7853,0.945,87.800,
17,8377,1.399,87.725,
muestra,t,M 5A,DUT 30A,
2,526,1.579,85.767,
3,1050,3.504,89.425,
4,1574,3.935,142.813,
5,2097,0.597,143.421,
6,2619,0.597,143.935,
7,3143,3.844,144.131,
8,3666,0.422,140.708,
9,4201,0.000,141.890,
10,4728,0.597,199.639,
11,5252,2.112,219.089,
12,5777,3.406,155.561,
13,6303,1.688,91.933,
14,6828,3.658,90.395,
15,7352,1.195,87.139,
16,7879,0.000,90.977,
17,8405,1.118,86.361,
muestra,t,M 5A,DUT 30A,
2,531,0.597,82.259,
3,1055,0.422,96.080,
4,1580,0.000,140.503,
5,2106,3.629,143.149,
6,2631,0.422,141.822,
7,3155,2.987,143.935,
8,3681,1.979,146.512,
9,4206,1.889,141.890,
10,4731,0.732,213.536,
11,5257,1.461,218.679,
12,5782,4.266,148.807,
13,6310,0.943,88.198,
14,6836,3.797,84.336,
15,7361,0.845,86.621,
16,7886,0.845,88.238,
muestra,t,M 5A,DUT 30A,
2,529,0.597,89.861,
3,1055,2.151,92.973,
4,1581,4.754,142.970,
5,2106,0.000,145.224,
6,2632,0.000,142.364,
7,3158,1.887,145.194,
8,3683,2.112,143.287,
9,4209,4.344,143.306,
10,4734,3.634,195.720,
11,5259,1.401,207.664,
12,5785,3.375,176.940,
13,6310,0.000,92.468,
14,6836,0.943,88.307,
15,7361,1.636,88.456,
16,7886,0.000,87.907,
17,8412,3.797,88.380,
muestra,t,M 5A,DUT 30A,
2,530,1.336,88.492,
3,1054,0.000,95.139,
4,1580,3.071,142.948,
5,2107,3.375,142.319,
6,2631,2.235,144.092,
7,3156,0.597,141.278,
8,3683,3.629,143.752,
9,4207,1.581,137.428,
10,4733,3.401,203.438,
11,5259,3.479,223.318,
12,5784,3.584,143.332,
13,6310,0.597,88.452,
14,6836,2.192,87.359,
15,7361,0.597,87.286,
16,7886,3.406,90.431,
17,8411,0.422,85.205,
muestra,t,M 5A,DUT 30A,
2,531,1.739,89.209,
3,1056,1.463,90.182,
4,1580,0.422,139.216,
5,2109,0.844,141.913,
6,2634,0.597,142.860,
7,3159,0.422,142.770,
8,3684,0.422,140.620,
9,4211,0.844,149.927,
10,4736,0.597,205.565,
11,5262,0.597,222.556,
12,5787,1.336,153.399,
13,6312,4.203,91.174,
14,6836,0.945,88.854,
15,7363,2.192,90.316,
16,7887,0.000,88.165,
17,8411,1.690,84.974,
muestra,t,M 5A,DUT 30A,
2,530,0.844,86.288,
3,1057,1.116,92.731,
4,1582,0.000,142.252,
5,2107,3.504,138.624,
6,2634,0.943,144.220,
7,3159,0.732,145.555,
8,3684,0.731,143.239,
9,4211,0.943,145.326,
10,4738,2.834,203.729,
11,5264,3.213,226.975,
12,5790,0.000,135.830,
13,6315,0.000,89.425,
14,6840,0.732,86.732,
15,7366,6.143,84.639,
16,7891,0.945,86.658,
17,8416,1.334,87.469,
muestra,t,M 5A,DUT 30A,
2,528,3.432,86.212,
3,1054,3.401,95.018,
4,1580,2.026,140.480,
5,2104,4.224,141.822,
6,2630,2.272,142.656,
7,3155,3.379,142.658,
8,3681,0.422,143.462,
9,4207,1.116,148.919,
10,4732,0.597,209.711,
11,5257,4.816,230.645,
12,5783,3.654,138.670,
13,6309,1.035,90.289,
14,6835,3.509,90.537,
15,7361,3.401,86.585,
16,7886,1.035,86.621,
muestra,t,M 5A,DUT 30A,
2,530,1.841,89.861,
3,1054,1.336,91.174,
4,1580,1.739,144.308,
5,2106,1.336,144.825,
6,2630,0.422,146.106,
7,3156,3.820,140.301,
8,3681,1.267,147.397,
9,4207,2.151,145.216,
10,4733,3.820,208.939,
11,5259,3.634,218.267,
12,5783,2.987,140.868,
13,6308,3.326,90.679,
14,6834,0.422,90.705,
15,7359,0.845,87.873,
16,7883,0.845,91.315,
17,8410,3.042,89.460,
muestra,t,M 5A,DUT 30A,
2,533,3.071,95.991,
3,1059,0.000,104.247,
4,1583,0.000,146.128,
5,2109,0.422,146.708,
6,2635,2.987,145.644,
7,3159,0.732,144.426,
8,3684,0.597,143.444,
9,4211,2.232,182.414,
10,4735,0.732,221.843,
11,5261,0.000,223.447,
12,5787,0.597,198.561,
13,6312,3.017,89.932,
14,6838,3.322,92.800,
15,7364,0.000,91.093,
16,7889,3.848,90.075,
17,8413,1.936,90.395,
18,8939,1.334,91.444,
19,9465,3.683,89.107,
muestra,t,M 5A,DUT 30A,
2,530,0.422,83.534,
3,1055,2.987,88.238,
4,1583,0.943,142.903,
5,2109,0.422,142.948,
6,2634,1.267,141.709,
7,3159,0.000,145.180,
8,3683,2.957,145.974,
9,4210,0.844,147.079,
10,4734,3.406,202.464,
11,5259,0.000,223.602,
12,5786,2.601,225.474,
13,6310,0.422,154.380,
14,6834,0.422,92.711,
15,7360,1.193,87.651,
16,7885,0.597,86.732,
17,8411,2.601,87.432,
18,8937,3.213,85.618,
19,9462,2.802,86.250,
muestra,t,M 5A,DUT 30A,
2,531,0.731,84.336,
3,1055,0.422,92.746,
4,1584,0.422,138.777,
5,2111,1.334,141.619,
6,2638,3.406,140.159,
7,3162,2.112,140.708,
8,3689,0.422,143.930,
9,4213,5.393,144.870,
10,4738,3.559,206.827,
11,5264,3.820,214.373,
12,5789,2.672,230.812,
13,6313,0.422,157.612,
14,6839,0.597,91.724,
15,7364,0.597,89.539,
16,7889,1.336,92.503,
17,8414,1.334,87.725,
18,8939,0.945,85.989,
19,9464,1.267,86.287,
muestra,t,M 5A,DUT 30A,
2,529,2.987,88.056,
3,1054,2.424,91.233,
4,1581,3.241,140.095,
5,2105,0.845,140.891,
6,2630,4.030,137.918,
7,3155,0.943,141.890,
8,3681,0.000,142.162,
9,4207,0.422,140.685,
10,4733,2.272,174.460,
11,5259,2.570,221.944,
12,5783,2.390,222.566,
13,6309,3.479,177.483,
14,6835,3.755,92.050,
15,7359,2.154,91.350,
16,7885,4.261,88.922,
17,8410,1.742,86.436,
18,8935,1.841,84.329,
19,9459,0.845,87.139,
muestra,t,M 5A,DUT 30A,
2,530,2.983,85.692,
3,1057,0.422,97.185,
4,1582,0.000,142.251,
5,2107,1.336,145.224,
6,2632,1.739,145.722,
7,3159,1.461,145.876,
8,3684,0.422,144.381,
9,4209,4.047,149.199,
10,4735,3.609,190.817,
11,5262,1.401,230.951,
12,5788,1.266,233.089,
13,6313,1.841,152.664,
14,6839,1.266,89.889,
15,7365,4.261,89.353,
16,7890,2.154,86.398,
17,8415,0.000,87.176,
muestra,t,M 5A,DUT 30A,
2,530,4.505,88.597,
3,1057,4.047,94.069,
4,1581,1.267,141.414,
5,2106,0.845,147.354,
6,2631,0.422,143.351,
7,3158,0.422,148.164,
8,3682,3.458,144.626,
9,4208,1.399,145.282,
10,4734,1.841,195.622,
11,5258,0.845,220.361,
12,5784,0.422,224.434,
13,6310,1.267,158.446,
14,6834,0.422,90.785,
15,7362,0.597,91.409,
16,7888,4.096,85.689,
17,8413,0.943,86.103,
18,8937,0.945,86.026,
19,9464,2.668,85.130,
muestra,t,M 5A,DUT 30A,
2,531,0.597,88.597,
3,1055,0.732,88.782,
4,1581,0.422,141.257,
5,2108,1.399,142.319,
6,2632,0.422,148.353,
7,3158,0.597,147.275,
8,3685,0.943,148.639,
9,4209,0.845,145.622,
10,4735,0.943,203.941,
11,5261,1.334,228.073,
12,5787,0.422,229.500,
13,6311,0.422,155.767,
14,6837,2.953,91.233,
15,7363,1.193,94.137,
16,7888,3.432,91.209,
17,8416,3.820,85.430,
18,8942,0.597,86.696,
19,9467,0.422,86.806,
muestra,t,M 5A,DUT 30A,
2,530,0.732,87.910,
3,1054,0.732,92.433,
4,1580,0.597,136.926,
5,2106,2.957,138.638,
6,2630,3.634,139.792,
7,3156,4.698,142.634,
8,3681,2.957,142.635,
9,4207,3.375,143.730,
10,4733,3.427,165.759,
11,5258,1.581,223.760,
12,5783,2.570,230.645,
13,6309,1.033,203.973,
14,6834,1.118,94.902,
15,7360,0.844,91.093,
16,7884,1.267,89.825,
17,8411,0.943,90.705,
18,8935,4.471,90.218,
19,9462,2.535,88.128,
muestra,t,M 5A,DUT 30A,
2,530,3.401,85.692,
3,1056,0.844,90.882,
4,1581,3.634,140.159,
5,2105,0.000,141.732,
6,2631,0.000,146.030,
7,3157,4.182,145.710,
8,3681,3.353,147.593,
9,4206,0.422,145.312,
10,4733,1.790,192.315,
11,5257,2.604,209.619,
12,5782,3.458,213.686,
13,6308,0.000,176.432,
14,6834,0.731,95.052,
15,7358,0.000,92.329,
16,7884,3.375,88.125,
17,8409,0.597,88.201,
18,8935,5.303,85.243,
19,9461,0.597,86.474,
muestra,t,M 5A,DUT 30A,
2,532,1.581,81.225,
3,1056,3.825,95.038,
4,1582,1.334,141.325,
5,2108,0.422,146.545,
6,2632,3.872,145.974,
7,3156,0.845,146.677,
8,3682,0.422,145.436,
9,4208,0.732,146.062,
10,4732,0.422,205.643,
11,5258,0.943,236.297,
12,5784,2.112,229.486,
13,6308,1.267,139.032,
14,6834,2.067,92.593,
15,7359,1.336,92.294,
16,7885,0.597,85.580,
17,8411,0.422,87.028,
18,8937,2.953,87.505,
muestra,t,M 5A,DUT 30A,
2,531,3.479,84.260,
3,1056,0.945,91.596,
4,1580,2.154,145.644,
5,2107,0.422,143.104,
6,2633,0.422,140.685,
7,3159,0.422,140.780,
8,3686,0.000,146.992,
9,4211,2.830,149.627,
10,4736,0.597,207.261,
11,5262,2.635,225.900,
12,5788,0.597,222.585,
13,6313,0.597,136.890,
14,6838,0.597,93.385,
15,7363,0.000,93.539,
16,7888,1.035,86.732,
17,8413,0.943,88.416,
18,8938,0.422,88.637,
muestra,t,M 5A,DUT 30A,
2,530,5.150,85.318,
3,1056,0.844,91.794,
4,1581,2.987,138.128,
5,2106,4.829,143.418,
6,2632,0.597,142.184,
7,3156,3.133,145.930,
8,3681,1.401,139.746,
9,4208,1.267,146.194,
10,4733,1.267,211.313,
11,5257,0.597,226.315,
12,5783,3.479,224.534,
13,6309,2.275,142.071,
14,6834,1.399,96.590,
15,7360,3.129,92.316,
16,7885,5.104,90.253,
17,8410,3.848,90.395,
18,8935,3.504,90.316,
muestra,t,M 5A,DUT 30A,
2,529,4.074,86.101,
3,1054,5.115,94.341,
4,1581,3.042,137.347,
5,2105,4.370,145.798,
6,2630,1.742,145.952,
7,3155,3.530,147.666,
8,3682,2.311,142.768,
9,4206,0.732,148.807,
10,4732,2.151,205.319,
11,5258,3.104,224.577,
12,5785,0.000,230.589,
13,6310,0.422,131.994,
14,6837,3.401,92.072,
15,7361,1.195,89.610,
16,7887,0.844,85.767,
17,8412,3.406,86.287,
18,8938,3.580,87.395,
muestra,t,M 5A,DUT 30A,
2,531,0.844,85.430,
3,1056,3.272,90.395,
4,1580,1.035,136.514,
5,2107,0.943,139.981,
6,2631,0.597,147.310,
7,3157,0.731,145.700,
8,3683,5.010,141.121,
9,4208,4.589,144.892,
10,4733,4.451,205.628,
11,5259,0.000,217.179,
12,5784,0.000,212.102,
13,6310,0.000,168.424,
14,6836,3.401,93.214,
15,7364,2.604,93.091,
16,7888,1.463,92.815,
17,8414,0.844,88.307,
18,8939,0.845,87.065,
19,9463,0.945,86.063,
muestra,t,M 5A,DUT 30A,
2,529,3.406,86.510,
3,1055,3.375,96.590,
4,1580,2.314,142.995,
5,2105,1.336,143.197,
6,2629,2.987,144.492,
7,3156,0.422,148.596,
8,3680,0.422,144.737,
9,4205,0.597,143.040,
10,4732,0.731,198.561,
11,5256,3.379,227.193,
12,5781,0.597,221.568,
13,6307,2.424,144.685,
14,6832,1.401,89.718,
15,7358,0.422,91.233,
16,7884,4.792,90.422,
17,8412,0.597,89.754,
18,8936,1.401,88.854,
muestra,t,M 5A,DUT 30A,
2,530,0.844,86.807,
3,1055,1.742,93.229,
4,1581,1.033,141.393,
5,2106,0.422,140.136,
6,2632,4.792,139.154,
7,3157,0.000,139.608,
8,3681,3.458,143.444,
9,4207,3.213,144.862,
10,4733,0.597,185.993,
11,5257,2.672,226.358,
12,5783,1.033,228.873,
13,6310,0.422,195.028,
14,6835,0.845,91.981,
15,7360,3.797,92.835,
16,7886,0.422,95.004,
17,8411,1.033,87.285,
18,8937,0.422,84.715,
19,9462,3.802,87.249,
muestra,t,M 5A,DUT 30A,
2,532,0.597,82.647,
3,1059,0.422,87.651,
4,1583,3.985,141.050,
5,2108,3.406,146.084,
6,2633,1.933,146.512,
7,3160,4.219,145.458,
8,3685,0.845,144.692,
9,4210,3.375,140.689,
10,4736,0.945,211.207,
11,5261,1.035,230.297,
12,5787,2.983,233.075,
13,6312,1.463,135.237,
14,6838,0.597,93.933,
15,7362,0.422,89.968,
16,7889,2.953,88.343,
17,8413,4.030,90.289,
18,8939,3.530,88.343,
muestra,t,M 5A,DUT 30A,
2,531,4.485,89.317,
3,1055,0.000,90.962,
4,1581,0.422,136.411,
5,2110,0.422,142.925,
6,2635,3.634,146.348,
7,3160,0.844,146.074,
8,3687,0.422,143.060,
9,4212,1.195,149.604,
10,4737,3.213,199.173,
11,5263,5.156,226.656,
12,5788,0.597,224.119,
13,6314,0.422,146.992,
14,6840,3.605,89.102,
15,7365,1.742,90.075,
16,7889,1.336,89.861,
17,8416,3.401,88.669,
18,8940,3.509,86.026,
muestra,t,M 5A,DUT 30A,
2,531,0.422,86.548,
3,1055,3.353,95.139,
4,1580,3.778,140.342,
5,2107,0.943,143.351,
6,2631,2.957,141.391,
7,3155,3.379,143.309,
8,3685,0.422,142.656,
9,4209,0.422,150.524,
10,4734,2.987,215.274,
11,5261,0.422,234.405,
12,5785,3.432,221.365,
13,6311,0.422,125.805,
14,6837,3.820,98.527,
15,7362,0.422,87.360,
16,7887,2.570,85.276,
17,8412,1.739,91.304,
18,8938,3.802,88.854,
muestra,t,M 5A,DUT 30A,
2,531,3.427,86.659,
3,1055,2.957,91.525,
4,1581,3.213,139.476,
5,2107,0.597,137.626,
6,2632,0.945,144.181,
7,3157,3.609,147.048,
8,3682,0.422,145.370,
9,4208,3.458,148.678,
10,4733,3.406,207.091,
11,5261,1.887,206.331,
12,5786,3.802,214.182,
13,6312,0.000,190.625,
14,6838,0.844,99.466,
15,7363,2.957,88.420,
16,7887,0.000,88.746,
17,8412,1.336,96.046,
18,8938,0.422,88.488,
19,9462,2.987,89.539,
muestra,t,M 5A,DUT 30A,
2,530,0.000,110.773,
3,1055,0.000,91.023,
4,1581,2.112,142.680,
5,2105,2.112,149.861,
6,2631,0.844,146.380,
7,3156,3.406,148.764,
8,3681,0.000,198.134,
9,4205,2.705,141.482,
10,4732,4.176,96.722,
11,5257,4.025,93.728,
12,5782,1.581,83.909,
13,6311,3.453,94.239,
muestra,t,M 5A,DUT 30A,
2,530,3.707,92.190,
3,1054,3.509,87.323,
4,1579,3.802,144.092,
5,2105,1.579,142.093,
6,2630,1.035,141.323,
7,3154,3.683,138.916,
8,3680,0.422,203.627,
9,4205,3.046,134.164,
10,4730,0.422,91.350,
11,5255,0.731,85.879,
12,5780,4.872,89.071,
13,6306,4.047,90.103,
muestra,t,M 5A,DUT 30A,
2,528,0.732,89.825,
3,1055,0.421,86.623,
4,1581,4.030,144.448,
5,2105,3.848,145.069,
6,2631,3.867,142.566,
7,3156,0.945,144.470,
8,3681,0.000,192.677,
9,4207,3.017,139.815,
10,4734,0.000,89.173,
11,5258,0.000,90.111,
12,5784,2.953,80.566,
13,6311,0.422,88.234,
14,6835,0.597,86.991,
muestra,t,M 5A,DUT 30A,
2,530,0.597,87.101,
3,1055,2.570,91.385,
4,1580,4.224,142.455,
5,2104,0.422,144.648,
6,2631,0.000,139.361,
7,3159,0.845,143.556,
8,3684,0.422,201.079,
9,4211,0.597,139.637,
10,4735,2.570,91.244,
11,5260,0.422,86.250,
12,5785,3.401,94.307,
13,6311,3.755,87.800,
muestra,t,M 5A,DUT 30A,
2,529,0.422,88.056,
3,1058,2.953,94.612,
4,1582,2.314,145.930,
5,2108,0.422,141.913,
6,2635,0.731,149.456,
7,3159,0.845,136.631,
8,3684,1.401,206.423,
9,4211,2.192,144.331,
10,4735,2.987,85.087,
11,5259,3.379,92.711,
12,5785,0.000,85.393,
13,6310,0.597,85.539,
muestra,t,M 5A,DUT 30A,
2,529,0.000,88.420,
3,1056,0.844,87.359,
4,1580,0.732,136.960,
5,2105,0.422,138.754,
6,2630,4.261,140.666,
7,3157,1.579,139.430,
8,3682,0.000,204.500,
9,4207,2.151,133.178,
10,4732,0.845,88.782,
11,5258,2.109,88.705,
12,5786,1.033,85.205,
13,6311,0.845,86.510,
muestra,t,M 5A,DUT 30A,
2,530,3.634,86.026,
3,1054,3.432,95.274,
4,1580,0.943,130.726,
5,2105,0.000,145.158,
6,2630,3.432,141.709,
7,3156,4.505,134.756,
8,3681,0.422,203.634,
9,4207,0.422,141.890,
10,4731,0.000,85.201,
11,5258,1.033,86.807,
12,5782,0.422,89.467,
13,6308,3.453,85.954,
muestra,t,M 5A,DUT 30A,
2,529,2.112,85.689,
3,1055,1.634,85.767,
4,1580,1.401,142.613,
5,2105,4.224,140.754,
6,2631,3.726,146.577,
7,3158,3.802,142.928,
8,3684,1.521,198.851,
9,4210,2.861,148.380,
10,4735,0.945,96.380,
11,5261,1.193,84.677,
12,5787,2.349,85.318,
13,6312,0.000,89.718,
muestra,t,M 5A,DUT 30A,
2,530,1.981,90.537,
3,1054,1.981,88.891,
4,1580,2.192,137.626,
5,2107,3.100,141.868,
6,2631,0.597,145.335,
7,3156,1.195,143.757,
8,3681,3.605,196.321,
9,4208,0.422,141.234,
10,4733,1.035,93.470,
11,5258,1.193,93.076,
12,5783,3.075,90.679,
13,6309,1.399,83.534,
muestra,t,M 5A,DUT 30A,
2,527,0.845,85.876,
3,1053,1.579,88.271,
4,1578,0.000,139.861,
5,2102,0.945,143.152,
6,2628,1.033,143.037,
7,3154,2.499,149.711,
8,3678,1.035,196.784,
9,4204,0.422,164.088,
10,4729,2.770,84.215,
11,5253,3.075,83.024,
12,5779,1.790,82.181,
13,6306,1.739,87.871,
muestra,t,M 5A,DUT 30A,
2,531,0.943,85.130,
3,1055,3.509,89.431,
4,1581,0.597,142.431,
5,2108,2.953,136.880,
6,2632,0.422,139.193,
7,3157,0.945,144.225,
8,3682,1.334,199.028,
9,4209,1.033,141.935,
10,4734,1.792,91.068,
11,5263,1.688,91.058,
12,5788,4.865,89.818,
13,6313,4.266,88.782,
muestra,t,M 5A,DUT 30A,
2,529,3.432,86.026,
3,1056,5.937,94.137,
4,1580,1.035,139.654,
5,2105,0.597,141.641,
6,2630,1.579,144.907,
7,3156,3.432,143.242,
8,3680,3.432,194.997,
9,4206,1.579,155.631,
10,4731,0.845,90.111,
11,5256,1.195,80.828,
12,5781,3.797,92.558,
13,6307,0.597,78.120,
muestra,t,M 5A,DUT 30A,
2,530,1.790,84.563,
3,1054,0.422,92.746,
4,1581,1.887,140.916,
5,2105,4.203,145.047,
6,2632,5.377,138.754,
7,3159,2.460,146.796,
8,3683,0.422,200.118,
9,4208,3.432,152.306,
10,4733,1.887,92.420,
11,5258,0.000,88.710,
12,5784,3.555,85.804,
13,6310,1.634,80.248,
muestra,t,M 5A,DUT 30A,
2,529,3.075,85.652,
3,1055,0.000,94.477,
4,1579,1.336,140.525,
5,2106,1.193,141.574,
6,2630,0.945,137.988,
7,3155,1.742,140.320,
8,3680,3.401,196.615,
9,4207,1.399,146.643,
10,4731,1.267,86.138,
11,5257,1.334,87.212,
12,5783,0.844,83.534,
13,6308,2.705,84.671,
muestra,t,M 5A,DUT 30A,
2,532,1.266,85.879,
3,1058,0.943,89.854,
4,1584,3.935,138.300,
5,2109,5.360,143.913,
6,2635,3.605,142.656,
7,3161,1.033,142.206,
8,3686,3.731,201.015,
9,4211,1.579,151.246,
10,4737,0.597,93.160,
11,5262,0.844,89.425,
12,5788,2.701,85.842,
13,6314,0.000,88.488,
muestra,t,M 5A,DUT 30A,
2,531,1.193,86.363,
3,1055,1.523,83.101,
4,1581,3.349,140.529,
5,2106,0.000,138.870,
6,2632,1.033,141.958,
7,3157,1.118,139.976,
8,3683,1.688,200.823,
9,4209,2.192,148.812,
10,4737,1.033,85.017,
11,5263,3.917,86.138,
12,5787,1.690,84.898,
13,6311,2.987,86.880,
muestra,t,M 5A,DUT 30A,
2,528,3.075,90.146,
3,1054,0.844,96.722,
4,1580,3.161,136.749,
5,2104,0.422,140.503,
6,2630,1.266,139.131,
7,3155,0.845,143.779,
8,3680,0.597,197.371,
9,4206,3.797,145.216,
10,4731,2.069,87.909,
11,5255,2.535,89.359,
12,5781,0.597,87.798,
13,6308,1.739,83.534,
muestra,t,M 5A,DUT 30A,
2,530,2.535,85.314,
3,1055,1.266,96.091,
4,1581,1.979,132.599,
5,2106,4.349,143.846,
6,2633,2.987,142.793,
7,3159,0.422,140.232,
8,3685,1.336,202.654,
9,4209,3.017,140.891,
10,4734,3.609,81.462,
11,5260,4.810,90.032,
12,5786,4.660,89.389,
13,6310,1.690,86.063,
muestra,t,M 5A,DUT 30A,
2,531,0.422,90.316,
3,1055,1.118,93.091,
4,1580,3.609,142.905,
5,2106,3.129,140.004,
6,2632,0.422,141.415,
7,3156,2.987,138.499,
8,3682,0.422,204.976,
9,4209,3.071,138.485,
10,4733,2.463,85.502,
11,5259,3.797,91.233,
12,5785,0.422,89.861,
13,6310,3.401,88.125,
muestra,t,M 5A,DUT 30A,
2,530,0.000,85.050,
3,1055,1.739,91.794,
4,1581,0.000,138.739,
5,2106,0.945,143.287,
6,2632,4.902,144.973,
7,3158,3.349,140.597,
8,3684,2.957,205.346,
9,4208,2.275,161.776,
10,4734,3.401,87.212,
11,5259,0.597,84.936,
12,5783,0.732,86.769,
13,6309,0.422,88.162,
muestra,t,M 5A,DUT 30A,
2,530,1.581,105.725,
3,1056,1.033,99.433,
4,1582,0.943,146.249,
5,2107,0.945,146.106,
6,2632,2.112,146.435,
7,3157,1.634,149.841,
8,3683,0.597,144.892,
9,4211,2.983,146.446,
10,4737,4.847,194.913,
11,5263,1.636,224.691,
12,5787,3.534,189.025,
13,6314,3.721,94.086,
14,6840,1.118,90.892,
15,7364,0.422,93.264,
16,7888,0.945,86.769,
17,8415,0.844,88.089,
18,8939,0.597,89.143,
muestra,t,M 5A,DUT 30A,
2,530,3.530,86.733,
3,1055,1.742,90.715,
4,1580,3.848,146.304,
5,2104,0.945,145.533,
6,2631,4.829,147.014,
7,3155,0.597,146.545,
8,3681,2.601,145.392,
9,4207,1.334,147.036,
10,4733,3.432,186.165,
11,5257,2.235,217.589,
12,5787,3.678,190.894,
13,6311,0.597,89.215,
14,6835,0.000,86.361,
15,7361,3.773,87.322,
16,7887,0.945,85.502,
17,8412,3.185,88.524,
muestra,t,M 5A,DUT 30A,
2,528,3.584,84.100,
3,1055,0.422,88.380,
4,1579,0.732,143.107,
5,2104,1.401,145.533,
6,2630,1.334,147.384,
7,3155,1.195,142.995,
8,3681,1.739,143.283,
9,4207,3.555,144.242,
10,4732,1.336,144.047,
11,5257,0.597,218.223,
12,5783,3.401,225.672,
13,6309,3.458,100.811,
14,6833,0.945,90.289,
15,7359,0.000,93.591,
16,7885,0.422,84.336,
17,8412,2.112,92.953,
muestra,t,M 5A,DUT 30A,
2,530,1.581,86.361,
3,1054,0.422,92.953,
4,1581,1.116,139.200,
5,2105,1.035,146.939,
6,2631,2.953,143.641,
7,3157,0.597,139.820,
8,3682,0.597,141.459,
9,4208,1.266,145.700,
10,4734,4.219,142.858,
11,5260,0.422,217.397,
12,5784,0.422,223.401,
13,6310,2.668,122.737,
14,6835,0.945,92.538,
15,7361,3.797,90.917,
16,7887,3.980,86.991,
17,8413,0.597,85.280,
18,8938,0.597,89.574,
muestra,t,M 5A,DUT 30A,
2,529,0.732,92.538,
3,1056,3.509,92.468,
4,1583,3.129,141.981,
5,2107,0.000,137.895,
6,2631,0.845,146.018,
7,3157,1.399,142.026,
8,3683,0.732,144.047,
9,4207,3.683,144.692,
10,4733,0.597,141.415,
11,5258,1.267,226.811,
12,5783,1.035,212.253,
13,6307,0.945,99.689,
14,6834,0.000,91.198,
15,7358,3.509,89.574,
16,7883,1.336,88.963,
17,8408,0.422,87.943,
18,8933,0.422,88.601,
muestra,t,M 5A,DUT 30A,
2,529,0.422,86.026,
3,1055,0.943,92.420,
4,1579,0.000,136.984,
5,2105,3.013,143.060,
6,2634,2.566,143.641,
7,3159,0.422,142.116,
8,3683,0.945,143.600,
9,4209,3.129,145.172,
10,4734,3.379,140.571,
11,5260,3.157,216.411,
12,5786,3.820,232.015,
13,6311,0.732,124.245,
14,6837,5.419,92.385,
15,7363,3.401,89.281,
16,7888,0.597,83.448,
17,8412,1.195,90.324,
18,8937,1.336,88.420,
muestra,t,M 5A,DUT 30A,
2,530,3.555,87.943,
3,1055,0.597,90.564,
4,1582,0.422,145.458,
5,2106,3.848,141.300,
6,2632,3.042,140.301,
7,3158,0.732,143.935,
8,3682,4.872,145.666,
9,4210,2.635,146.161,
10,4736,1.035,145.666,
11,5260,2.987,211.435,
12,5785,2.195,228.603,
13,6310,1.195,133.540,
14,6835,0.422,93.882,
15,7359,0.732,85.502,
16,7885,3.401,89.925,
17,8410,3.985,86.138,
18,8934,2.535,87.323,
muestra,t,M 5A,DUT 30A,
2,530,0.845,86.843,
3,1055,1.035,92.538,
4,1581,2.892,138.762,
5,2107,1.033,143.328,
6,2632,1.742,145.268,
7,3157,3.797,141.958,
8,3684,4.602,140.438,
9,4209,0.597,140.228,
10,4734,1.033,142.386,
11,5261,0.597,207.214,
12,5788,0.422,213.626,
13,6314,1.334,171.553,
14,6839,3.406,93.950,
15,7365,1.266,89.281,
16,7891,0.597,86.214,
17,8416,3.432,87.836,
18,8941,0.000,89.467,
muestra,t,M 5A,DUT 30A,
2,532,1.033,84.298,
3,1057,3.427,87.138,
4,1582,1.035,141.346,
5,2107,3.100,141.710,
6,2633,0.422,141.777,
7,3157,3.458,143.242,
8,3683,2.232,144.464,
9,4210,0.422,145.898,
10,4735,0.945,143.757,
11,5261,0.597,218.341,
12,5786,2.535,230.227,
13,6311,2.802,119.555,
14,6836,0.422,89.066,
15,7363,0.943,86.363,
16,7890,3.432,88.092,
17,8416,2.023,87.212,
18,8941,0.597,85.502,
muestra,t,M 5A,DUT 30A,
2,530,3.406,88.238,
3,1054,1.267,90.608,
4,1580,0.844,139.062,
5,2106,3.406,139.032,
6,2630,0.597,142.432,
7,3156,1.266,144.619,
8,3681,1.035,143.645,
9,4207,0.943,142.970,
10,4733,3.797,139.062,
11,5258,1.690,209.543,
12,5784,1.266,220.372,
13,6310,3.654,149.027,
14,6835,1.981,94.427,
15,7361,2.601,92.316,
16,7885,0.597,89.107,
17,8412,0.943,88.162,
18,8937,2.154,85.426,
muestra,t,M 5A,DUT 30A,
2,530,0.422,81.633,
3,1055,3.401,90.564,
4,1582,0.597,138.601,
5,2107,1.336,139.216,
6,2632,0.943,145.480,
7,3158,1.463,142.049,
8,3682,2.195,141.845,
9,4208,1.033,145.524,
10,4733,0.945,140.136,
11,5258,2.705,211.981,
12,5783,3.104,222.205,
13,6308,1.841,115.371,
14,6833,3.406,92.225,
15,7357,1.581,90.075,
16,7883,4.198,86.288,
17,8408,2.570,88.673,
18,8932,0.845,87.102,
muestra,t,M 5A,DUT 30A,
2,532,1.033,84.222,
3,1056,3.104,91.420,
4,1584,0.422,139.935,
5,2111,0.000,143.886,
6,2635,3.104,140.251,
7,3161,3.427,142.925,
8,3687,1.579,142.768,
9,4212,1.401,140.388,
10,4738,2.272,141.755,
11,5264,0.422,220.720,
12,5789,0.422,226.571,
13,6315,0.000,112.381,
14,6841,0.597,87.028,
15,7366,2.195,89.467,
16,7891,4.266,85.989,
17,8416,1.461,86.991,
18,8942,3.379,86.621,
muestra,t,M 5A,DUT 30A,
2,531,0.422,87.322,
3,1056,1.336,87.653,
4,1580,1.690,139.309,
5,2106,2.151,140.095,
6,2631,1.742,137.755,
7,3158,0.000,134.260,
8,3684,2.109,135.633,
9,4209,3.217,140.480,
10,4734,4.471,136.819,
11,5260,1.399,185.583,
12,5785,2.987,211.480,
13,6311,2.272,176.832,
14,6837,1.266,96.057,
15,7362,3.432,89.932,
16,7887,3.406,90.573,
17,8411,2.604,85.464,
18,8938,3.375,84.487,
muestra,t,M 5A,DUT 30A,
2,530,0.422,85.954,
3,1055,3.802,91.771,
4,1580,0.422,139.332,
5,2104,0.422,142.635,
6,2631,0.731,148.553,
7,3156,5.556,140.822,
8,3680,3.825,140.388,
9,4206,0.943,146.161,
10,4734,5.310,144.158,
11,5258,3.379,225.476,
12,5784,0.943,232.800,
13,6309,3.609,135.000,
14,6834,0.732,89.467,
15,7359,1.334,91.689,
16,7884,0.845,88.891,
17,8410,0.000,88.886,
18,8935,3.629,85.468,
muestra,t,M 5A,DUT 30A,
2,530,0.945,82.869,
3,1054,3.483,92.607,
4,1580,1.461,140.392,
5,2105,3.509,136.772,
6,2631,3.504,141.529,
7,3155,0.422,143.040,
8,3682,3.071,136.128,
9,4207,1.936,145.842,
10,4731,0.000,145.401,
11,5258,0.597,208.248,
12,5782,0.597,230.729,
13,6308,0.422,112.353,
14,6837,0.422,89.138,
15,7361,3.483,87.543,
16,7885,4.742,87.910,
17,8412,1.032,87.174,
muestra,t,M 5A,DUT 30A,
2,530,1.739,86.991,
3,1055,1.267,91.946,
4,1579,2.463,141.958,
5,2105,1.033,140.575,
6,2630,3.584,142.410,
7,3156,0.597,139.177,
8,3682,0.597,144.995,
9,4207,3.917,145.644,
10,4732,0.000,141.482,
11,5256,2.154,201.095,
12,5783,3.427,219.687,
13,6307,0.422,137.288,
14,6833,3.427,97.185,
15,7360,1.334,90.528,
16,7885,0.000,85.842,
17,8409,3.379,82.946,
18,8939,0.422,85.092,
muestra,t,M 5A,DUT 30A,
2,529,2.987,89.467,
3,1054,1.933,88.633,
4,1580,1.690,137.101,
5,2104,1.267,144.136,
6,2630,0.844,142.970,
7,3155,0.845,139.815,
8,3681,0.844,142.341,
9,4207,4.302,145.590,
10,4732,2.957,139.332,
11,5257,2.275,182.717,
12,5782,4.589,217.928,
13,6309,3.401,159.855,
14,6834,0.422,92.697,
15,7359,0.422,83.832,
16,7885,3.071,93.007,
17,8410,3.075,88.637,
18,8935,0.000,88.380,
muestra,t,M 5A,DUT 30A,
2,530,3.917,83.371,
3,1058,3.530,90.917,
4,1585,0.000,136.481,
5,2109,0.000,139.378,
6,2634,0.000,144.270,
7,3159,0.731,138.901,
8,3686,3.750,141.007,
9,4211,3.379,143.869,
10,4736,0.597,141.052,
11,5263,3.375,209.352,
12,5788,0.422,227.533,
13,6313,0.000,119.188,
14,6840,0.422,92.420,
15,7364,2.195,85.727,
16,7890,0.000,88.597,
17,8415,3.379,89.251,
18,8941,0.597,83.034,
muestra,t,M 5A,DUT 30A,
2,530,2.151,90.493,
3,1056,0.000,92.524,
4,1581,2.705,137.755,
5,2105,0.000,135.995,
6,2634,4.176,140.004,
7,3159,0.422,140.365,
8,3684,1.792,139.562,
9,4209,0.422,136.926,
10,4735,1.581,143.667,
11,5260,1.267,222.926,
12,5786,0.844,216.144,
13,6311,0.422,118.638,
14,6836,3.432,89.179,
15,7361,0.731,90.528,
16,7887,2.987,87.946,
17,8411,3.458,84.747,
18,8935,0.845,82.791,
muestra,t,M 5A,DUT 30A,
2,530,3.504,83.802,
3,1056,3.432,92.711,
4,1580,1.336,138.824,
5,2106,3.375,138.809,
6,2631,0.732,141.890,
7,3157,1.266,145.480,
8,3683,1.334,142.476,
9,4212,0.844,146.665,
10,4737,0.000,143.107,
11,5262,1.033,214.537,
12,5788,0.422,217.279,
13,6313,3.379,130.277,
14,6838,0.597,88.633,
15,7365,0.000,89.568,
16,7889,1.336,87.396,
17,8414,3.963,88.128,
muestra,t,M 5A,DUT 30A,
2,530,1.267,81.501,
3,1054,3.802,104.164,
4,1580,4.792,141.574,
5,2105,3.406,148.461,
6,2631,0.731,142.880,
7,3157,1.193,148.790,
8,3683,3.609,151.163,
9,4207,3.406,145.688,
10,4732,0.945,151.545,
11,5257,0.000,205.331,
12,5782,0.597,235.278,
13,6304,0.000,219.295,
14,6830,0.422,152.910,
15,7355,1.336,95.105,
16,7881,0.422,89.317,
17,8407,4.544,87.907,
18,8932,3.272,83.717,
19,9458,0.000,86.881,
20,9984,4.112,87.285,
21,10509,0.000,90.039,
muestra,t,M 5A,DUT 30A,
2,532,3.975,90.166,
3,1057,0.845,92.085,
4,1581,0.422,139.055,
5,2107,3.401,146.948,
6,2632,0.845,143.802,
7,3158,0.731,142.296,
8,3684,0.422,150.332,
9,4209,1.581,146.830,
10,4735,0.597,145.326,
11,5261,2.109,143.975,
12,5786,0.422,201.908,
13,6311,0.597,221.118,
14,6839,3.629,211.953,
15,7366,3.013,137.720,
16,7891,3.458,89.215,
17,8416,3.797,90.280,
18,8942,1.581,90.785,
19,9466,0.732,86.806,
20,9990,0.422,85.989,
21,10517,0.731,89.639,
muestra,t,M 5A,DUT 30A,
2,532,0.422,86.733,
3,1056,3.458,91.841,
4,1580,1.035,143.399,
5,2106,2.109,142.048,
6,2632,0.732,145.268,
7,3156,2.570,141.323,
8,3682,2.387,147.492,
9,4208,2.112,143.399,
10,4732,2.275,147.680,
11,5258,0.422,146.358,
12,5784,2.604,207.958,
13,6308,0.597,229.738,
14,6836,0.000,227.834,
15,7363,1.334,145.216,
16,7887,4.980,91.981,
17,8414,0.596,91.118,
18,8940,3.559,89.968,
19,9465,1.461,90.032,
20,9989,0.422,89.467,
muestra,t,M 5A,DUT 30A,
2,529,0.000,88.963,
3,1054,3.844,89.209,
4,1579,0.422,141.346,
5,2105,0.000,135.160,
6,2631,3.401,141.075,
7,3156,0.422,141.027,
8,3680,1.523,142.003,
9,4206,0.731,140.027,
10,4732,2.957,145.622,
11,5256,0.597,145.908,
12,5781,2.957,187.746,
13,6307,1.399,228.368,
14,6833,0.422,222.153,
15,7360,1.690,173.057,
16,7887,0.731,95.857,
17,8411,0.597,91.666,
18,8935,3.379,89.789,
19,9463,1.788,86.733,
20,9988,1.742,87.690,
21,10513,3.100,88.125,
muestra,t,M 5A,DUT 30A,
2,529,1.690,82.636,
3,1054,2.067,94.375,
4,1580,0.597,141.187,
5,2105,3.654,145.612,
6,2631,4.810,142.026,
7,3156,0.845,146.786,
8,3682,2.601,143.351,
9,4208,2.272,146.183,
10,4733,1.336,147.485,
11,5258,2.535,147.985,
12,5782,3.634,211.176,
13,6309,0.844,232.291,
14,6833,3.917,225.903,
15,7360,0.422,138.685,
16,7888,2.979,95.669,
17,8412,0.422,92.538,
18,8938,0.844,88.777,
19,9465,3.427,91.759,
20,9989,1.336,83.448,
muestra,t,M 5A,DUT 30A,
2,531,1.577,85.434,
3,1057,4.944,91.911,
4,1582,4.773,141.777,
5,2108,1.521,141.030,
6,2633,0.422,147.811,
7,3159,0.597,146.424,
8,3685,3.401,146.183,
9,4210,4.245,147.637,
10,4735,1.690,146.326,
11,5260,0.845,143.667,
12,5786,1.266,185.911,
13,6311,1.636,220.551,
14,6836,1.195,223.085,
15,7363,1.399,172.837,
16,7889,0.422,93.745,
17,8414,2.195,94.257,
18,8939,0.731,89.996,
19,9465,3.658,89.107,
20,9990,0.731,88.813,
21,10516,0.000,85.804,
muestra,t,M 5A,DUT 30A,
2,531,1.334,86.585,
3,1056,0.422,93.607,
4,1580,0.732,144.292,
5,2106,0.597,144.641,
6,2631,2.672,144.759,
7,3156,3.299,146.786,
8,3682,3.867,145.127,
9,4207,1.401,145.113,
10,4733,1.334,143.216,
11,5259,1.399,149.627,
12,5785,1.636,195.654,
13,6309,1.336,221.713,
14,6835,1.033,225.289,
15,7361,1.336,148.721,
16,7888,3.778,88.274,
17,8413,1.033,91.023,
18,8940,3.935,85.618,
19,9464,0.597,85.989,
muestra,t,M 5A,DUT 30A,
2,531,1.334,88.198,
3,1057,1.033,89.818,
4,1582,1.336,136.302,
5,2107,0.844,141.913,
6,2634,1.266,141.777,
7,3159,3.509,143.623,
8,3684,3.797,139.706,
9,4211,1.979,143.775,
10,4736,1.581,146.370,
11,5260,3.046,145.401,
12,5787,1.521,186.651,
13,6312,2.026,233.593,
14,6836,0.945,221.394,
15,7363,0.731,182.783,
16,7888,3.634,95.912,
17,8413,0.422,94.137,
18,8942,1.116,90.174,
19,9468,1.116,86.028,
20,9993,1.690,86.769,
21,10518,0.597,89.711,
muestra,t,M 5A,DUT 30A,
2,530,0.845,84.481,
3,1054,1.195,92.050,
4,1580,3.013,137.743,
5,2106,2.069,139.585,
6,2630,3.584,144.136,
7,3155,2.154,147.485,
8,3681,2.109,147.492,
9,4206,1.523,147.659,
10,4731,1.267,148.028,
11,5256,0.943,146.621,
12,5782,1.267,212.571,
13,6307,1.267,233.083,
14,6833,3.401,228.788,
15,7358,1.336,135.735,
16,7888,3.013,94.205,
17,8414,1.579,87.505,
18,8943,1.688,91.549,
19,9467,0.422,94.052,
20,9993,1.033,84.753,
muestra,t,M 5A,DUT 30A,
2,529,0.945,85.614,
3,1055,2.767,91.444,
4,1579,0.845,139.838,
5,2106,2.192,148.510,
6,2631,3.353,144.848,
7,3155,0.732,145.423,
8,3681,1.193,145.568,
9,4206,0.422,147.963,
10,4732,3.726,143.373,
11,5258,0.597,142.948,
12,5784,4.944,203.666,
13,6308,3.406,230.506,
14,6834,0.844,230.810,
15,7360,3.707,128.815,
16,7884,4.510,97.408,
17,8408,4.224,90.715,
18,8935,1.193,90.245,
19,9463,1.521,88.307,
20,9988,0.422,88.056,
muestra,t,M 5A,DUT 30A,
2,530,1.792,86.287,
3,1055,1.979,92.003,
4,1582,1.334,142.678,
5,2106,3.509,143.332,
6,2632,3.241,144.353,
7,3158,1.266,144.995,
8,3683,3.432,144.514,
9,4209,2.311,145.194,
10,4735,0.422,142.476,
11,5260,0.732,148.093,
12,5785,3.731,196.048,
13,6311,0.000,223.748,
14,6837,2.112,211.723,
15,7362,0.422,182.993,
16,7888,4.773,92.385,
17,8413,1.035,90.715,
18,8939,0.422,92.142,
19,9464,0.732,88.891,
20,9991,3.104,90.004,
21,10516,1.336,82.012,
muestra,t,M 5A,DUT 30A,
2,530,1.841,83.794,
3,1054,1.035,88.891,
4,1580,1.790,141.121,
5,2105,0.945,145.069,
6,2631,0.731,144.752,
7,3157,2.601,146.555,
8,3682,0.597,145.974,
9,4207,1.523,148.569,
10,4732,2.311,142.768,
11,5259,0.844,147.297,
12,5784,1.401,208.236,
13,6309,0.597,231.987,
14,6835,1.035,220.245,
15,7359,0.732,149.066,
16,7883,2.275,94.801,
17,8410,2.531,91.479,
18,8934,1.336,89.682,
19,9459,1.523,85.689,
20,9995,0.000,86.400,
21,10520,4.660,84.904,
muestra,t,M 5A,DUT 30A,
2,529,2.499,84.823,
3,1055,0.844,95.522,
4,1581,1.579,139.407,
5,2106,1.267,143.063,
6,2630,1.267,145.644,
7,3155,1.267,147.048,
8,3682,1.461,148.876,
9,4206,1.035,146.106,
10,4731,0.732,145.467,
11,5256,3.071,148.337,
12,5782,1.267,187.883,
13,6306,1.523,220.623,
14,6832,1.839,218.898,
15,7358,1.463,154.961,
16,7883,0.731,93.591,
17,8409,1.979,89.818,
18,8935,1.887,87.980,
19,9459,0.732,86.473,
20,9985,0.422,87.101,
21,10513,3.634,86.361,
muestra,t,M 5A,DUT 30A,
2,531,3.013,88.452,
3,1057,1.979,88.416,
4,1582,3.509,144.181,
5,2107,1.688,145.260,
6,2634,0.000,143.127,
7,3159,3.245,148.375,
8,3684,1.033,145.348,
9,4211,3.654,145.898,
10,4736,1.035,143.600,
11,5261,0.597,148.337,
12,5787,3.161,192.076,
13,6312,4.835,219.412,
14,6838,0.597,228.620,
15,7363,3.917,180.738,
16,7888,1.742,94.970,
17,8413,1.839,93.214,
18,8939,2.570,88.782,
19,9464,0.000,87.469,
20,9989,3.133,86.436,
21,10516,3.683,87.800,
muestra,t,M 5A,DUT 30A,
2,530,1.033,81.437,
3,1056,0.000,92.676,
4,1580,3.707,142.116,
5,2104,0.732,144.203,
6,2631,3.605,145.590,
7,3156,3.755,144.670,
8,3680,0.000,144.737,
9,4206,1.688,144.818,
10,4731,0.000,143.040,
11,5257,0.422,147.558,
12,5783,2.311,190.625,
13,6309,5.139,224.892,
14,6833,2.069,223.157,
15,7359,0.844,166.703,
16,7886,0.422,93.007,
17,8410,0.597,93.539,
18,8936,1.033,89.925,
19,9461,0.422,88.565,
20,9986,0.845,95.105,
21,10514,1.521,85.092,
muestra,t,M 5A,DUT 30A,
2,530,3.453,88.994,
3,1055,0.945,92.120,
4,1580,4.962,142.162,
5,2106,0.597,145.282,
6,2631,0.422,144.603,
7,3156,5.884,142.184,
8,3680,3.825,144.203,
9,4207,1.266,141.913,
10,4732,3.272,143.040,
11,5256,0.845,146.435,
12,5782,0.597,199.189,
13,6308,3.272,220.186,
14,6832,1.401,227.815,
15,7358,3.605,178.203,
16,7883,2.570,91.174,
17,8409,0.422,92.800,
18,8935,1.688,88.162,
19,9460,1.742,88.238,
20,9986,0.844,86.288,
21,10515,0.942,89.597,
muestra,t,M 5A,DUT 30A,
2,531,1.266,88.561,
3,1057,1.461,91.479,
4,1581,1.401,143.779,
5,2108,3.629,142.409,
6,2634,1.461,144.552,
7,3159,0.422,143.556,
8,3684,0.844,144.840,
9,4210,0.597,143.399,
10,4734,3.963,141.754,
11,5260,2.387,149.456,
12,5786,0.732,208.174,
13,6310,0.422,222.941,
14,6836,3.580,220.357,
15,7363,0.731,154.204,
16,7887,0.945,97.441,
17,8413,0.000,89.066,
18,8938,1.742,87.286,
19,9464,0.422,86.585,
20,9988,1.690,87.028,
muestra,t,M 5A,DUT 30A,
2,530,2.109,91.339,
3,1055,1.401,88.274,
4,1580,0.422,142.725,
5,2104,4.203,142.478,
6,2631,0.000,139.614,
7,3155,4.589,145.047,
8,3681,3.129,145.568,
9,4207,0.422,141.098,
10,4732,0.000,142.523,
11,5258,1.033,143.797,
12,5784,3.555,183.552,
13,6310,3.609,230.868,
14,6834,0.422,227.222,
15,7360,0.000,180.596,
16,7886,0.597,96.080,
17,8411,1.334,93.282,
18,8937,0.597,90.987,
19,9462,3.458,88.056,
20,9987,0.000,85.802,
21,10512,0.731,87.175,
muestra,t,M 5A,DUT 30A,
2,530,1.266,84.563,
3,1057,4.176,92.212,
4,1581,0.422,146.457,
5,2107,1.334,145.502,
6,2633,3.530,142.723,
7,3158,0.845,141.958,
8,3684,1.334,142.544,
9,4210,2.151,146.074,
10,4735,3.483,142.342,
11,5261,0.597,143.485,
12,5787,3.427,192.298,
13,6312,3.245,215.825,
14,6837,1.401,210.537,
15,7363,3.702,176.251,
16,7888,3.963,95.711,
17,8414,4.425,90.032,
18,8939,4.853,86.695,
19,9465,1.688,87.101,
20,9990,1.401,85.125,
21,10514,2.275,86.398,
muestra,t,M 5A,DUT 30A,
2,529,0.732,86.138,
3,1056,1.579,92.177,
4,1580,1.981,141.913,
5,2104,1.195,147.441,
6,2630,1.033,144.131,
7,3155,0.597,143.600,
8,3681,0.844,144.995,
9,4207,0.597,144.951,
10,4732,4.589,144.136,
11,5257,3.634,146.830,
12,5782,0.000,194.155,
13,6309,1.579,232.566,
14,6834,2.802,231.673,
15,7359,0.943,169.826,
16,7886,5.080,94.273,
17,8411,2.987,88.347,
18,8936,1.790,88.089,
19,9463,1.116,84.677,
20,9988,0.844,88.850,
21,10512,0.422,85.502,
muestra,t,M 5A,DUT 30A,
2,530,1.739,108.553,
3,1055,3.559,97.044,
4,1579,2.987,142.275,
5,2105,5.419,142.319,
6,2630,1.118,135.972,
7,3156,0.422,144.197,
8,3682,4.622,138.878,
9,4207,2.195,143.690,
10,4732,0.000,147.789,
11,5257,1.790,143.373,
12,5783,0.422,149.389,
13,6307,1.035,207.649,
14,6832,3.326,93.470,
15,7357,1.790,85.130,
16,7882,1.936,88.383,
17,8408,2.601,83.802,
18,8934,1.933,83.457,
muestra,t,M 5A,DUT 30A,
2,530,2.387,87.834,
3,1057,0.731,94.680,
4,1583,0.597,137.195,
5,2109,3.726,139.499,
6,2636,0.597,139.223,
7,3160,1.336,136.090,
8,3685,1.841,144.470,
9,4211,0.000,140.893,
10,4736,0.422,141.890,
11,5262,0.422,138.601,
12,5788,1.839,141.664,
13,6314,0.845,222.248,
14,6838,2.112,110.188,
15,7364,1.634,85.468,
16,7889,0.945,88.854,
17,8415,2.387,87.285,
18,8941,3.935,85.655,
muestra,t,M 5A,DUT 30A,
2,530,1.035,89.323,
3,1056,3.129,93.796,
4,1580,2.570,140.936,
5,2107,0.844,136.081,
6,2633,2.566,136.973,
7,3158,3.917,140.663,
8,3687,0.943,138.114,
9,4211,2.896,139.677,
10,4737,1.033,137.720,
11,5264,3.401,136.669,
12,5788,4.096,141.300,
13,6313,0.422,198.037,
14,6839,3.504,165.314,
15,7364,0.597,89.395,
16,7889,3.483,91.981,
17,8414,0.943,83.649,
18,8940,1.981,88.056,
19,9464,0.000,84.823,
muestra,t,M 5A,DUT 30A,
2,529,2.427,82.714,
3,1056,1.193,88.994,
4,1581,1.035,139.884,
5,2105,0.597,141.005,
6,2631,1.266,141.574,
7,3156,4.349,137.545,
8,3681,0.000,140.503,
9,4207,1.887,137.720,
10,4735,2.154,135.023,
11,5259,0.732,137.732,
12,5785,1.688,141.143,
13,6311,1.035,177.347,
14,6835,3.075,174.130,
15,7361,0.943,88.307,
16,7886,0.000,90.537,
17,8411,0.732,85.238,
18,8935,1.267,85.951,
muestra,t,M 5A,DUT 30A,
2,530,3.401,84.979,
3,1055,4.030,88.963,
4,1581,0.000,137.743,
5,2106,1.035,141.913,
6,2631,1.336,139.124,
7,3156,4.980,141.437,
8,3680,0.845,141.141,
9,4206,1.739,136.528,
10,4731,1.581,140.936,
11,5256,0.597,136.231,
12,5782,1.839,136.551,
13,6311,4.002,175.759,
14,6836,3.379,180.809,
15,7361,0.844,88.271,
16,7888,2.109,88.994,
17,8412,2.987,84.671,
18,8938,3.295,85.355,
muestra,t,M 5A,DUT 30A,
2,530,1.195,82.519,
3,1054,1.336,94.223,
4,1578,3.609,137.569,
5,2105,1.116,133.442,
6,2631,4.992,137.906,
7,3156,3.940,139.032,
8,3682,1.790,140.004,
9,4207,1.118,135.142,
10,4732,1.792,140.594,
11,5258,3.935,137.998,
12,5783,1.523,139.447,
13,6308,3.534,174.333,
14,6834,1.334,181.675,
15,7359,0.945,88.383,
16,7886,1.463,86.695,
17,8412,0.844,86.028,
18,8937,2.352,84.747,
muestra,t,M 5A,DUT 30A,
2,530,1.461,89.532,
3,1056,1.266,89.532,
4,1581,1.267,136.137,
5,2107,6.314,132.817,
6,2632,1.267,138.430,
7,3157,1.742,137.195,
8,3683,1.839,140.232,
9,4208,3.483,135.806,
10,4735,0.943,137.906,
11,5259,1.401,139.493,
12,5784,3.458,139.101,
13,6310,1.839,179.867,
14,6835,3.483,185.682,
15,7361,0.000,89.353,
16,7887,2.151,87.395,
17,8412,0.945,84.024,
18,8937,3.458,85.314,
muestra,t,M 5A,DUT 30A,
2,529,1.636,83.794,
3,1055,1.887,86.917,
4,1581,0.422,142.048,
5,2106,2.112,139.907,
6,2631,0.422,135.893,
7,3157,0.845,138.523,
8,3682,3.406,137.779,
9,4207,4.524,138.138,
10,4734,0.422,146.161,
11,5259,1.195,140.297,
12,5785,0.000,139.085,
13,6310,2.834,209.266,
14,6839,0.422,126.601,
15,7365,3.427,84.222,
16,7890,2.987,85.614,
17,8416,0.844,89.604,
18,8942,1.266,88.597,
muestra,t,M 5A,DUT 30A,
2,530,4.025,85.318,
3,1056,0.422,95.274,
4,1582,0.597,135.546,
5,2108,0.422,139.866,
6,2633,2.112,135.285,
7,3159,1.933,134.542,
8,3684,0.422,140.959,
9,4209,1.195,141.391,
10,4734,1.118,136.514,
11,5258,1.581,137.171,
12,5785,1.334,137.067,
13,6309,0.597,185.803,
14,6834,0.845,179.274,
15,7359,0.422,92.662,
16,7886,0.844,90.209,
17,8410,4.074,88.601,
18,8936,1.116,81.986,
19,9461,3.017,88.673,
muestra,t,M 5A,DUT 30A,
2,529,5.016,84.519,
3,1055,1.399,92.489,
4,1582,0.844,136.903,
5,2106,0.422,142.793,
6,2633,1.336,135.759,
7,3160,0.597,144.685,
8,3684,1.742,141.050,
9,4209,0.597,137.195,
10,4734,1.266,138.184,
11,5260,3.609,137.545,
12,5784,0.422,137.709,
13,6310,1.579,179.457,
14,6835,3.707,190.784,
15,7360,1.267,94.393,
16,7885,3.504,89.425,
17,8410,0.000,83.564,
18,8936,3.726,85.879,
19,9460,3.104,84.861,
muestra,t,M 5A,DUT 30A,
2,530,1.401,81.894,
3,1055,1.739,87.688,
4,1581,4.219,135.279,
5,2106,1.636,129.981,
6,2630,3.432,137.965,
7,3156,0.597,135.421,
8,3683,1.334,140.597,
9,4210,0.597,136.537,
10,4734,0.597,139.286,
11,5261,0.844,136.996,
12,5785,0.422,139.493,
13,6310,1.035,184.414,
14,6836,4.025,186.204,
15,7361,2.705,87.946,
16,7887,3.401,86.585,
17,8413,2.151,86.733,
18,8938,3.432,89.682,
19,9463,2.987,89.179,
muestra,t,M 5A,DUT 30A,
2,530,0.422,83.265,
3,1055,3.509,90.253,
4,1580,4.203,139.263,
5,2104,3.559,134.666,
6,2631,2.668,137.370,
7,3156,3.634,137.405,
8,3680,1.690,136.655,
9,4206,3.530,135.492,
10,4731,3.046,136.584,
11,5258,1.523,139.953,
12,5784,3.678,141.981,
13,6309,3.872,180.293,
14,6834,3.917,181.659,
15,7360,1.579,87.432,
16,7885,3.534,86.732,
17,8410,1.889,84.633,
18,8935,0.597,87.138,
19,9461,4.510,87.727,
muestra,t,M 5A,DUT 30A,
2,530,0.844,87.065,
3,1055,3.458,91.103,
4,1581,0.000,141.347,
5,2107,1.033,140.848,
6,2632,3.406,132.793,
7,3158,3.453,134.447,
8,3684,1.334,137.323,
9,4209,3.104,134.308,
10,4735,3.401,139.131,
11,5261,4.002,138.809,
12,5787,1.267,144.470,
13,6314,2.235,183.961,
14,6839,1.979,182.993,
15,7366,0.943,89.425,
16,7890,1.742,84.823,
17,8416,0.844,85.804,
18,8941,2.112,84.898,
muestra,t,M 5A,DUT 30A,
2,529,1.267,85.012,
3,1055,1.521,92.142,
4,1579,0.000,136.161,
5,2106,1.521,134.923,
6,2631,1.742,132.551,
7,3155,2.154,137.124,
8,3681,1.933,136.973,
9,4206,0.422,138.801,
10,4731,1.267,139.884,
11,5257,1.266,137.696,
12,5782,6.308,138.916,
13,6308,0.597,176.160,
14,6834,0.597,195.291,
15,7359,1.035,88.601,
16,7886,0.000,83.832,
17,8412,0.000,85.842,
18,8938,4.025,86.474,
19,9463,3.483,83.947,
muestra,t,M 5A,DUT 30A,
2,529,0.945,86.212,
3,1055,0.844,90.528,
4,1580,4.139,136.278,
5,2105,0.422,141.573,
6,2631,3.654,135.421,
7,3156,1.267,140.365,
8,3681,0.845,137.054,
9,4205,1.401,134.595,
10,4732,2.668,131.897,
11,5256,0.597,139.608,
12,5782,0.422,142.970,
13,6308,0.731,171.403,
14,6834,1.267,203.918,
15,7358,3.483,86.361,
16,7884,0.422,89.353,
17,8409,0.732,86.063,
18,8937,2.861,89.460,
19,9463,1.399,89.782,
muestra,t,M 5A,DUT 30A,
2,529,5.016,86.732,
3,1055,1.979,89.889,
4,1580,2.195,139.976,
5,2106,0.422,137.417,
6,2632,2.701,135.539,
7,3157,4.779,135.617,
8,3682,1.581,138.824,
9,4207,1.887,138.855,
10,4733,0.422,139.953,
11,5258,3.683,137.171,
12,5782,1.523,139.999,
13,6309,1.521,176.560,
14,6834,1.336,194.766,
15,7358,1.267,90.750,
16,7884,0.844,83.764,
17,8409,1.742,87.360,
18,8934,0.422,88.092,
19,9459,1.399,83.611,
muestra,t,M 5A,DUT 30A,
2,530,1.979,85.054,
3,1055,3.046,89.897,
4,1580,1.035,132.187,
5,2105,3.530,140.027,
6,2632,1.334,137.230,
7,3157,1.463,139.815,
8,3682,1.887,139.269,
9,4208,1.690,138.847,
10,4733,0.000,141.618,
11,5257,1.035,141.800,
12,5784,0.422,135.681,
13,6308,0.000,165.000,
14,6834,4.002,189.529,
15,7361,0.731,93.557,
16,7885,4.224,88.528,
17,8411,1.521,87.578,
18,8937,4.641,88.307,
19,9462,1.690,88.492,
muestra,t,M 5A,DUT 30A,
2,529,3.584,85.989,
3,1059,3.575,85.695,
4,1584,3.104,140.090,
5,2109,1.521,137.230,
6,2636,0.731,137.370,
7,3160,3.017,135.853,
8,3685,2.235,138.592,
9,4210,3.605,141.257,
10,4737,2.023,137.789,
11,5262,0.000,135.901,
12,5787,0.844,137.626,
13,6313,0.597,167.684,
14,6837,2.112,190.261,
15,7363,1.579,89.746,
16,7888,3.584,84.291,
17,8412,3.432,87.543,
18,8937,3.848,86.991,
19,9463,1.521,84.107,
muestra,t,M 5A,DUT 30A,
2,528,3.509,88.056,
3,1054,2.983,95.388,
4,1579,3.458,136.443,
5,2105,2.067,139.958,
6,2633,1.334,135.916,
7,3158,0.422,138.337,
8,3684,2.701,136.128,
9,4209,6.785,137.335,
10,4734,2.987,140.845,
11,5259,3.353,140.845,
12,5783,1.889,138.337,
13,6309,0.422,195.143,
14,6835,1.401,168.639,
15,7360,1.116,87.943,
16,7886,0.844,87.065,
17,8411,0.597,90.182,
18,8935,4.530,88.056,
muestra,t,M 5A,DUT 30A,
2,529,2.112,86.138,
3,1055,0.000,92.904,
4,1579,3.483,137.942,
5,2105,0.422,140.209,
6,2632,0.943,141.279,
7,3156,2.314,137.592,
8,3681,4.266,138.383,
9,4210,3.241,140.187,
10,4734,1.636,137.405,
11,5260,3.605,137.813,
12,5786,3.702,136.199,
13,6312,0.945,200.311,
14,6836,2.705,135.972,
15,7362,5.891,86.214,
16,7887,1.035,83.525,
17,8412,1.118,89.718,
18,8937,0.597,87.248,
muestra,t,M 5A,DUT 30A,
2,530,0.000,92.938,
3,1055,3.504,105.681,
4,1582,0.422,142.184,
5,2107,1.581,141.822,
6,2633,2.349,145.920,
7,3158,0.845,144.403,
8,3683,0.597,146.764,
9,4208,1.266,144.663,
10,4735,3.401,145.039,
11,5260,0.422,145.666,
12,5788,1.033,144.108,
13,6314,5.426,174.259,
14,6838,3.895,223.703,
15,7364,4.176,201.269,
16,7890,3.483,92.468,
17,8414,0.845,90.644,
18,8938,0.732,87.213,
19,9465,3.479,90.422,
20,9989,0.000,92.607,
21,10515,2.232,87.469,
muestra,t,M 5A,DUT 30A,
2,530,0.422,79.687,
3,1056,1.401,93.504,
4,1580,0.422,135.901,
5,2105,4.224,142.793,
6,2631,2.311,139.752,
7,3156,0.845,142.590,
8,3681,2.987,140.959,
9,4207,3.375,142.701,
10,4733,3.797,145.546,
11,5258,3.963,138.430,
12,5787,0.422,138.832,
13,6311,2.957,143.152,
14,6836,3.406,220.245,
15,7362,1.266,223.447,
16,7888,0.597,91.736,
17,8412,3.432,90.856,
18,8938,0.000,88.633,
19,9463,1.981,85.914,
20,9988,1.035,82.012,
21,10513,0.000,87.651,
muestra,t,M 5A,DUT 30A,
2,531,3.890,87.725,
3,1055,0.000,89.789,
4,1581,3.479,140.369,
5,2107,0.731,140.529,
6,2633,3.432,139.769,
7,3157,0.597,142.071,
8,3683,1.399,139.568,
9,4208,0.422,143.578,
10,4734,1.334,138.230,
11,5260,0.597,144.796,
12,5789,0.597,145.039,
13,6314,0.000,164.434,
14,6839,0.000,231.586,
15,7365,0.000,208.667,
16,7889,3.534,94.393,
17,8415,1.116,88.198,
18,8941,0.597,92.919,
19,9465,3.509,86.991,
20,9989,1.035,85.087,
muestra,t,M 5A,DUT 30A,
2,530,4.835,88.565,
3,1054,0.422,89.932,
4,1579,1.267,145.644,
5,2105,0.844,137.183,
6,2630,1.336,139.769,
7,3154,1.742,142.590,
8,3680,0.731,138.578,
9,4207,0.597,148.833,
10,4731,2.069,146.040,
11,5257,3.157,148.876,
12,5784,3.820,133.442,
13,6311,3.917,169.721,
14,6837,0.731,228.157,
15,7363,2.570,189.635,
16,7887,0.597,93.882,
17,8413,0.844,90.705,
18,8938,0.000,91.525,
19,9463,2.802,80.510,
20,9988,4.679,91.023,
muestra,t,M 5A,DUT 30A,
2,530,0.731,88.488,
3,1055,0.000,93.195,
4,1579,0.945,142.860,
5,2105,3.401,141.755,
6,2632,3.797,138.462,
7,3156,0.422,148.634,
8,3682,0.422,140.369,
9,4209,3.867,141.642,
10,4733,0.422,136.490,
11,5259,0.731,144.375,
12,5787,3.371,140.896,
13,6313,0.000,164.342,
14,6840,1.267,226.868,
15,7367,4.176,199.414,
16,7891,3.895,94.936,
17,8417,0.597,86.585,
18,8944,2.109,81.712,
19,9468,0.000,92.259,
muestra,t,M 5A,DUT 30A,
2,529,3.802,87.323,
3,1055,0.943,81.397,
4,1581,0.945,145.732,
5,2105,2.314,136.608,
6,2631,0.422,144.375,
7,3156,2.275,139.861,
8,3681,1.581,142.860,
9,4206,1.267,138.407,
10,4732,0.422,146.008,
11,5258,5.027,139.568,
12,5783,3.379,143.354,
13,6310,3.401,150.673,
14,6834,1.336,217.574,
15,7360,1.033,227.045,
16,7889,3.375,92.246,
17,8414,2.570,95.510,
18,8939,2.067,86.548,
19,9465,0.000,92.107,
20,9990,1.118,87.580,
muestra,t,M 5A,DUT 30A,
2,531,0.000,86.140,
3,1055,0.422,88.673,
4,1581,3.401,142.925,
5,2106,0.000,141.027,
6,2632,1.033,141.052,
7,3158,2.109,138.184,
8,3683,1.636,138.128,
9,4208,2.638,144.981,
10,4732,2.987,138.962,
11,5259,1.334,137.230,
12,5783,0.945,142.184,
13,6308,0.000,136.255,
14,6835,0.731,206.703,
15,7359,4.926,224.734,
16,7885,1.461,95.924,
17,8414,3.375,87.138,
18,8940,3.890,89.532,
19,9464,3.483,89.897,
20,9990,3.479,85.730,
muestra,t,M 5A,DUT 30A,
2,530,0.731,82.570,
3,1055,4.007,88.637,
4,1584,2.026,142.793,
5,2109,0.943,137.347,
6,2636,2.734,134.852,
7,3160,1.267,137.615,
8,3686,3.504,142.589,
9,4212,3.046,139.884,
10,4736,1.581,143.354,
11,5262,3.820,146.992,
12,5787,1.336,142.500,
13,6312,2.987,149.475,
14,6838,0.844,229.948,
15,7363,1.889,218.164,
16,7888,1.581,90.927,
17,8413,1.739,93.042,
18,8942,0.597,85.991,
19,9466,3.406,89.395,
20,9992,1.634,82.181,
21,10519,3.479,88.561,
muestra,t,M 5A,DUT 30A,
2,531,1.887,83.265,
3,1057,2.601,92.524,
4,1582,1.742,140.822,
5,2107,0.943,139.315,
6,2634,2.232,144.086,
7,3159,0.597,135.522,
8,3683,1.035,144.337,
9,4210,0.422,140.095,
10,4734,3.406,143.287,
11,5260,0.731,138.508,
12,5787,1.521,142.184,
13,6312,0.422,158.587,
14,6836,0.597,228.322,
15,7362,0.422,212.044,
16,7888,2.154,95.845,
17,8413,3.241,93.762,
18,8937,0.844,91.829,
19,9463,3.401,85.393,
20,9988,1.581,86.101,
muestra,t,M 5A,DUT 30A,
2,530,2.953,89.317,
3,1057,0.731,91.374,
4,1581,0.597,139.608,
5,2105,3.731,140.274,
6,2631,0.844,142.364,
7,3157,0.732,141.573,
8,3681,0.597,142.139,
9,4207,0.000,138.369,
10,4732,1.981,145.798,
11,5257,4.245,135.995,
12,5783,1.461,142.499,
13,6308,4.608,151.884,
14,6833,3.432,219.894,
15,7358,0.732,220.740,
16,7883,2.987,96.912,
17,8408,0.945,89.789,
18,8933,1.334,85.280,
19,9460,0.422,91.689,
20,9987,2.705,85.989,
21,10512,2.151,84.412,
muestra,t,M 5A,DUT 30A,
2,530,3.917,86.026,
3,1055,3.844,86.917,
4,1582,0.597,142.319,
5,2106,1.936,142.838,
6,2632,0.597,143.306,
7,3158,1.688,144.308,
8,3683,3.133,145.754,
9,4208,5.122,145.864,
10,4734,1.193,142.768,
11,5259,0.597,140.845,
12,5785,1.266,138.393,
13,6311,0.000,154.453,
14,6837,3.432,215.169,
15,7361,0.000,214.900,
16,7887,1.739,91.269,
17,8412,2.154,92.711,
18,8937,1.792,86.212,
19,9462,0.943,84.677,
20,9991,0.000,88.741,
muestra,t,M 5A,DUT 30A,
2,529,3.917,82.636,
3,1055,1.634,90.635,
4,1580,4.224,139.953,
5,2105,0.845,145.202,
6,2630,2.535,139.999,
7,3154,2.705,143.824,
8,3680,0.422,137.370,
9,4205,1.463,141.323,
10,4731,4.505,144.818,
11,5257,1.739,137.487,
12,5783,1.792,146.457,
13,6307,0.000,150.204,
14,6833,3.605,199.863,
15,7359,2.195,213.701,
16,7883,4.410,121.448,
17,8409,1.334,93.933,
18,8934,2.738,81.933,
19,9460,2.983,85.280,
20,9984,1.118,86.732,
21,10512,1.118,82.168,
muestra,t,M 5A,DUT 30A,
2,530,0.732,89.251,
3,1055,3.825,95.274,
4,1579,1.581,142.770,
5,2106,0.597,136.199,
6,2630,1.936,146.917,
7,3155,3.104,147.724,
8,3680,1.790,140.871,
9,4207,2.701,142.184,
10,4732,3.458,146.523,
11,5258,1.334,143.797,
12,5783,1.889,145.666,
13,6308,3.075,154.463,
14,6834,1.399,227.003,
15,7359,1.523,222.306,
16,7884,0.422,100.811,
17,8409,2.387,92.662,
18,8935,3.299,88.492,
19,9459,1.523,81.737,
20,9983,4.203,90.644,
muestra,t,M 5A,DUT 30A,
2,529,2.535,94.936,
3,1055,3.427,90.032,
4,1581,2.109,135.799,
5,2106,0.845,137.101,
6,2632,3.980,142.836,
7,3158,1.266,139.568,
8,3683,1.690,135.522,
9,4209,2.272,141.664,
10,4735,3.013,141.597,
11,5260,1.690,136.090,
12,5786,1.461,141.506,
13,6312,3.555,159.394,
14,6838,3.559,220.580,
15,7362,1.936,204.201,
16,7889,0.942,97.226,
17,8415,2.770,95.206,
18,8940,1.033,83.073,
19,9465,2.390,85.276,
20,9991,0.422,90.670,
muestra,t,M 5A,DUT 30A,
2,532,2.154,88.601,
3,1056,1.401,93.882,
4,1582,2.192,140.209,
5,2107,2.314,144.626,
6,2633,0.000,136.809,
7,3157,0.845,142.838,
8,3684,0.422,136.926,
9,4209,1.401,138.453,
10,4733,1.267,142.590,
11,5260,1.033,140.461,
12,5785,3.075,143.085,
13,6310,1.887,164.283,
14,6836,3.820,228.998,
15,7361,0.000,220.827,
16,7887,0.422,96.888,
17,8413,1.033,92.697,
18,8939,0.597,88.053,
19,9463,0.845,85.163,
20,9989,0.000,95.052,
muestra,t,M 5A,DUT 30A,
2,531,1.033,92.731,
3,1058,0.000,101.920,
4,1583,0.422,137.720,
5,2109,0.945,140.251,
6,2633,3.458,138.847,
7,3158,2.535,142.320,
8,3684,0.000,138.068,
9,4209,4.287,146.852,
10,4733,1.035,142.838,
11,5259,2.953,140.848,
12,5784,3.272,143.130,
13,6310,3.453,172.187,
14,6836,0.000,230.699,
15,7361,2.499,209.864,
16,7887,0.000,96.191,
17,8413,1.033,85.543,
18,8939,0.597,87.798,
19,9463,4.569,93.332,
20,9989,1.033,90.032,
muestra,t,M 5A,DUT 30A,
2,529,2.195,80.310,
3,1055,0.422,101.506,
4,1583,0.732,139.055,
5,2107,0.000,141.459,
6,2632,0.845,135.190,
7,3157,0.422,140.320,
8,3682,0.597,139.907,
9,4206,3.848,139.309,
10,4732,1.334,147.275,
11,5257,0.732,147.026,
12,5782,4.245,139.976,
13,6308,0.943,173.798,
14,6833,0.000,223.602,
15,7358,3.802,225.320,
16,7884,0.422,94.069,
17,8409,0.732,96.613,
18,8934,0.422,91.806,
19,9458,0.945,85.727,
20,9985,0.000,90.493,
21,10509,0.597,84.329,
muestra,t,M 5A,DUT 30A,
2,530,0.422,88.456,
3,1055,3.406,94.257,
4,1584,3.157,137.975,
5,2108,2.705,135.759,
6,2634,2.272,140.347,
7,3161,1.116,144.862,
8,3686,2.195,138.569,
9,4210,0.597,145.357,
10,4736,0.000,138.855,
11,5261,0.845,143.085,
12,5787,0.597,143.864,
13,6313,3.605,155.754,
14,6839,0.597,219.792,
15,7363,0.422,213.927,
16,7889,0.597,93.248,
17,8415,0.422,95.543,
18,8939,3.432,89.718,
19,9463,2.987,81.343,
20,9990,0.597,87.138,
21,10515,0.000,84.138,
muestra,t,M 5A,DUT 30A,
2,530,1.401,86.584,
3,1054,0.945,89.646,
4,1582,1.334,143.462,
5,2108,0.422,139.124,
6,2632,3.917,142.568,
7,3158,3.479,142.701,
8,3685,3.629,141.415,
9,4210,3.379,141.550,
10,4736,3.479,143.440,
11,5261,0.000,140.548,
12,5786,2.026,141.777,
13,6310,1.267,161.835,
14,6836,1.792,230.339,
15,7361,2.112,205.221,
16,7885,0.845,93.504,
17,8413,3.397,93.130,
18,8938,0.845,89.897,
19,9463,0.731,92.316,
20,9989,4.002,88.343,
muestra,t,M 5A,DUT 30A,
2,530,2.738,85.238,
3,1054,0.945,90.856,
4,1580,3.629,137.463,
5,2108,2.705,139.631,
6,2632,1.841,147.245,
7,3158,3.750,144.064,
8,3685,0.731,146.883,
9,4209,0.422,141.050,
10,4735,1.461,138.369,
11,5262,0.844,139.131,
12,5787,0.845,142.049,
13,6312,0.844,151.754,
14,6838,1.118,220.885,
15,7363,2.705,217.353,
16,7888,0.422,94.273,
17,8415,0.597,90.811,
18,8940,1.401,91.771,
19,9464,0.845,87.470,
20,9991,2.151,89.030,
muestra,t,M 5A,DUT 30A,
2,530,0.000,95.577,
3,1054,2.235,92.711,
4,1580,3.427,151.859,
5,2107,2.566,142.431,
6,2631,2.154,148.980,
7,3158,0.597,144.759,
8,3685,3.013,143.997,
9,4211,2.232,143.127,
10,4736,0.732,148.505,
11,5262,1.790,143.373,
12,5788,0.731,147.579,
13,6314,1.521,145.898,
14,6841,0.597,144.441,
15,7365,0.732,148.634,
16,7890,3.825,147.615,
17,8416,1.790,226.791,
18,8942,0.597,226.344,
19,9466,0.422,227.631,
20,9992,0.844,113.120,
21,10517,1.523,92.953,
22,11043,0.000,90.032,
23,11569,1.334,91.794,
24,12094,4.835,87.102,
25,12620,1.790,88.958,
26,13144,0.597,85.989,
muestra,t,M 5A,DUT 30A,
2,530,3.189,85.539,
3,1056,3.401,89.639,
4,1583,1.033,140.529,
5,2107,3.104,148.353,
6,2633,1.033,145.172,
7,3160,0.422,142.746,
8,3684,0.945,144.136,
9,4210,0.597,143.037,
10,4736,0.000,146.643,
11,5261,0.845,149.968,
12,5787,2.496,145.061,
13,6313,3.605,146.096,
14,6838,0.597,141.913,
15,7363,1.195,145.533,
16,7889,1.033,143.306,
17,8415,3.017,225.733,
18,8939,1.336,232.310,
19,9465,4.047,230.977,
20,9991,0.422,114.645,
21,10515,1.981,95.510,
22,11043,0.422,93.317,
23,11569,0.422,92.538,
24,12094,2.109,88.524,
25,12618,3.379,87.065,
26,13145,0.597,87.432,
muestra,t,M 5A,DUT 30A,
2,530,0.422,87.798,
3,1056,0.422,97.875,
4,1582,0.597,139.407,
5,2107,2.195,145.908,
6,2633,0.422,144.951,
7,3158,5.259,145.025,
8,3682,0.945,149.604,
9,4208,1.193,146.490,
10,4733,3.046,142.003,
11,5259,0.943,144.264,
12,5785,1.334,142.701,
13,6310,1.336,143.511,
14,6835,1.981,146.611,
15,7360,1.116,148.380,
16,7887,2.566,142.948,
17,8414,2.957,144.136,
18,8940,3.013,147.101,
19,9465,0.422,211.298,
20,9991,1.933,228.256,
21,10516,1.267,234.923,
22,11041,2.026,140.548,
23,11567,3.071,94.409,
24,12092,0.422,94.427,
25,12618,3.375,89.960,
26,13142,0.945,88.201,
27,13668,0.731,88.053,
28,14194,0.422,87.395,
muestra,t,M 5A,DUT 30A,
2,529,0.000,84.747,
3,1054,0.731,99.401,
4,1579,2.535,143.757,
5,2105,1.887,144.242,
6,2631,0.844,147.731,
7,3156,0.000,144.069,
8,3681,4.779,142.523,
9,4206,1.579,140.984,
10,4734,0.597,142.162,
11,5259,0.845,140.640,
12,5784,0.597,146.774,
13,6310,1.889,145.202,
14,6835,0.945,145.268,
15,7360,3.867,142.274,
16,7887,0.597,142.634,
17,8413,1.033,145.524,
18,8938,4.096,148.050,
19,9463,2.987,199.443,
20,9989,1.033,213.054,
21,10514,1.267,222.753,
22,11041,0.597,173.669,
23,11565,4.853,95.610,
24,12091,0.731,91.759,
25,12618,0.597,86.917,
26,13142,4.510,86.212,
27,13667,4.139,86.954,
28,14192,0.597,90.032,
29,14719,1.521,90.067,
muestra,t,M 5A,DUT 30A,
2,530,0.597,92.177,
3,1055,3.075,94.970,
4,1580,2.672,139.078,
5,2111,0.943,144.663,
6,2635,0.422,142.275,
7,3161,0.422,143.060,
8,3687,3.844,145.282,
9,4212,0.945,143.175,
10,4738,2.232,143.864,
11,5264,0.597,142.544,
12,5790,0.422,140.777,
13,6314,3.483,143.913,
14,6840,3.401,145.480,
15,7365,3.458,145.047,
16,7891,0.000,144.929,
17,8417,0.844,141.777,
18,8943,1.463,147.659,
19,9467,0.845,210.323,
20,9992,3.017,220.113,
21,10519,3.890,219.716,
22,11046,1.035,143.623,
23,11570,0.732,96.845,
24,12097,0.597,91.339,
25,12621,1.035,89.861,
26,13147,2.983,90.174,
27,13674,1.266,90.032,
muestra,t,M 5A,DUT 30A,
2,530,1.035,84.253,
3,1056,0.844,92.246,
4,1583,3.213,139.108,
5,2107,0.422,142.094,
6,2631,0.845,141.164,
7,3157,1.266,141.325,
8,3683,1.336,142.815,
9,4207,3.707,143.578,
10,4733,0.597,142.274,
11,5259,3.559,142.748,
12,5783,0.597,143.802,
13,6308,3.634,142.770,
14,6833,1.267,144.626,
15,7358,0.597,143.690,
16,7885,2.069,144.203,
17,8411,3.401,143.261,
18,8936,0.422,149.561,
19,9461,0.597,205.534,
20,9988,3.213,222.686,
21,10512,0.000,221.669,
22,11037,1.581,149.818,
23,11562,2.151,95.522,
24,12089,0.422,99.562,
25,12614,2.705,94.835,
26,13139,0.422,90.067,
27,13665,1.936,88.347,
28,14189,1.523,88.601,
29,14715,1.739,87.285,
muestra,t,M 5A,DUT 30A,
2,531,3.401,86.140,
3,1057,0.597,95.991,
4,1581,1.463,141.686,
5,2108,3.504,143.752,
6,2633,0.597,142.635,
7,3160,0.422,143.734,
8,3685,3.129,149.027,
9,4212,0.000,142.071,
10,4736,3.432,142.613,
11,5262,1.033,145.061,
12,5788,0.422,145.511,
13,6312,0.945,144.426,
14,6838,3.157,144.707,
15,7364,1.981,144.114,
16,7888,0.945,143.332,
17,8414,0.844,140.757,
18,8940,3.534,144.759,
19,9464,0.597,201.796,
20,9989,0.422,223.732,
21,10516,0.000,227.482,
22,11040,4.182,148.829,
23,11565,3.046,97.011,
24,12090,0.422,92.072,
25,12617,3.013,89.996,
26,13142,1.792,90.324,
27,13667,0.597,86.511,
muestra,t,M 5A,DUT 30A,
2,529,0.597,86.212,
3,1055,1.334,93.796,
4,1580,1.035,137.031,
5,2106,0.943,138.970,
6,2632,1.579,141.732,
7,3157,1.336,148.071,
8,3683,1.739,145.083,
9,4208,0.000,142.635,
10,4733,1.636,148.440,
11,5258,3.825,142.184,
12,5782,3.406,143.220,
13,6308,1.033,144.929,
14,6834,0.945,144.626,
15,7358,0.422,143.488,
16,7884,0.943,144.086,
17,8409,1.742,144.737,
18,8934,1.035,146.018,
19,9460,0.422,196.044,
20,9986,1.195,230.812,
21,10510,0.945,236.272,
22,11038,0.597,150.715,
23,11564,0.422,90.573,
24,12089,1.334,89.782,
25,12615,3.401,97.152,
26,13140,0.732,87.800,
27,13664,0.000,90.324,
28,14190,3.129,86.251,
muestra,t,M 5A,DUT 30A,
2,530,3.530,89.675,
3,1055,1.523,95.341,
4,1580,0.000,136.514,
5,2104,0.000,142.905,
6,2629,0.844,141.890,
7,3156,0.731,143.574,
8,3681,0.000,145.290,
9,4206,0.597,141.800,
10,4732,1.118,149.174,
11,5256,1.118,143.712,
12,5782,0.000,145.414,
13,6307,0.597,143.667,
14,6832,1.792,146.413,
15,7360,4.025,147.014,
16,7885,2.390,146.062,
17,8411,3.013,144.575,
18,8937,0.597,146.293,
19,9462,3.017,198.280,
20,9988,0.597,222.657,
21,10513,0.845,212.480,
22,11038,0.597,173.502,
23,11564,3.375,92.973,
24,12088,3.940,93.847,
25,12615,0.731,87.469,
26,13139,3.802,86.843,
27,13664,2.957,88.528,
28,14189,0.597,87.578,
muestra,t,M 5A,DUT 30A,
2,530,1.401,86.806,
3,1054,0.000,95.105,
4,1579,1.742,138.128,
5,2105,1.399,140.848,
6,2630,2.112,144.292,
7,3157,1.195,142.026,
8,3683,0.597,142.319,
9,4209,4.865,141.415,
10,4734,1.267,143.824,
11,5260,1.688,144.508,
12,5785,3.245,142.905,
13,6310,0.845,144.381,
14,6835,0.422,144.774,
15,7361,2.195,142.139,
16,7886,0.000,143.533,
17,8411,1.116,146.074,
18,8938,1.266,143.351,
19,9463,1.035,190.295,
20,9989,3.401,211.363,
21,10514,2.026,229.290,
22,11039,2.235,174.462,
23,11564,3.802,95.543,
24,12090,0.000,90.599,
25,12615,0.422,88.963,
26,13139,0.000,88.092,
27,13665,2.861,87.688,
28,14193,3.379,88.528,
muestra,t,M 5A,DUT 30A,
2,531,0.844,89.209,
3,1055,3.406,93.401,
4,1582,1.461,138.323,
5,2106,1.841,143.264,
6,2632,1.688,144.441,
7,3159,3.401,144.486,
8,3684,1.401,143.399,
9,4208,0.597,146.326,
10,4734,1.116,143.819,
11,5259,0.732,142.049,
12,5785,1.739,143.574,
13,6311,0.422,143.908,
14,6836,1.118,146.084,
15,7362,2.953,145.436,
16,7888,0.844,143.440,
17,8413,3.406,142.184,
18,8938,0.597,141.482,
19,9463,0.422,209.451,
20,9988,0.597,220.725,
21,10515,0.422,227.871,
22,11041,0.000,141.890,
23,11568,1.033,97.152,
24,12092,1.267,92.676,
25,12617,1.523,90.892,
26,13143,2.601,87.505,
27,13669,0.000,87.505,
muestra,t,M 5A,DUT 30A,
2,531,1.033,88.053,
3,1055,0.422,92.259,
4,1581,1.266,139.200,
5,2108,1.739,142.723,
6,2632,3.133,142.770,
7,3158,4.865,143.819,
8,3685,3.530,142.634,
9,4209,3.379,143.063,
10,4735,3.479,142.992,
11,5262,0.943,144.796,
12,5786,0.422,144.692,
13,6311,3.634,143.332,
14,6837,0.000,142.768,
15,7365,1.936,145.489,
16,7889,1.581,146.435,
17,8415,0.422,145.964,
18,8941,2.499,148.483,
19,9465,3.483,192.693,
20,9991,4.240,231.628,
21,10517,2.463,228.265,
22,11041,3.326,155.416,
23,11567,0.422,95.388,
24,12094,0.943,92.593,
25,12618,0.597,86.954,
26,13144,0.844,86.140,
27,13671,5.676,85.804,
muestra,t,M 5A,DUT 30A,
2,531,2.983,84.107,
3,1055,5.410,94.291,
4,1580,0.597,139.101,
5,2106,3.401,139.820,
6,2631,1.792,143.488,
7,3155,2.154,142.455,
8,3685,3.580,139.476,
9,4209,0.732,144.381,
10,4735,0.731,144.774,
11,5261,3.129,146.030,
12,5786,3.432,143.511,
13,6312,1.634,142.138,
14,6838,0.844,141.981,
15,7364,0.422,144.002,
16,7888,1.195,143.623,
17,8414,0.000,146.139,
18,8939,0.000,147.680,
19,9465,1.033,200.535,
20,9991,0.000,218.767,
21,10517,0.845,221.089,
22,11041,0.000,172.723,
23,11566,0.000,90.679,
24,12092,4.240,92.593,
25,12618,0.000,89.317,
26,13142,1.936,87.213,
27,13669,0.943,88.271,
28,14194,0.597,87.249,
muestra,t,M 5A,DUT 30A,
2,528,3.917,89.825,
3,1054,3.401,94.950,
4,1579,0.422,138.174,
5,2105,0.000,142.746,
6,2631,1.739,144.663,
7,3156,3.509,143.197,
8,3681,2.896,141.459,
9,4207,3.100,143.216,
10,4732,0.422,145.047,
11,5258,1.579,143.708,
12,5784,0.731,142.364,
13,6310,1.336,143.242,
14,6834,3.017,143.466,
15,7359,0.597,141.118,
16,7886,3.071,145.150,
17,8410,0.597,144.270,
18,8935,1.035,145.069,
19,9461,0.422,206.440,
20,9986,4.779,227.730,
21,10511,0.945,229.570,
22,11039,0.000,150.885,
23,11564,1.581,94.461,
24,12090,0.422,91.058,
25,12616,2.151,87.943,
26,13141,3.658,89.789,
27,13666,2.987,89.467,
muestra,t,M 5A,DUT 30A,
2,530,3.379,84.557,
3,1054,0.597,95.308,
4,1580,1.839,141.890,
5,2106,0.945,141.346,
6,2630,2.705,145.996,
7,3156,0.000,144.308,
8,3681,2.535,142.139,
9,4206,1.742,139.792,
10,4730,3.778,139.631,
11,5257,0.422,141.981,
12,5781,1.195,142.950,
13,6306,3.963,141.664,
14,6832,1.334,144.752,
15,7360,0.945,141.096,
16,7884,2.987,145.776,
17,8410,0.943,144.907,
18,8936,4.203,144.515,
19,9460,0.422,194.898,
20,9986,4.847,220.139,
21,10512,3.802,220.113,
22,11036,0.000,175.380,
23,11562,1.033,91.479,
24,12087,0.845,95.543,
25,12612,1.118,92.120,
26,13137,3.479,87.469,
27,13664,3.797,88.089,
28,14188,1.463,87.543,
muestra,t,M 5A,DUT 30A,
2,529,3.326,86.287,
3,1053,0.422,92.607,
4,1580,0.597,138.393,
5,2105,1.267,142.094,
6,2629,0.845,142.432,
7,3155,0.000,144.220,
8,3682,1.523,146.062,
9,4207,2.957,146.282,
10,4733,0.597,143.306,
11,5258,1.523,142.545,
12,5783,3.509,144.025,
13,6309,0.597,144.663,
14,6834,1.195,143.824,
15,7359,3.534,145.091,
16,7885,0.844,148.423,
17,8410,0.000,150.289,
18,8936,0.422,144.707,
19,9461,0.597,192.860,
20,9986,1.267,230.115,
21,10511,0.000,231.327,
22,11036,3.483,161.079,
23,11561,0.422,94.035,
24,12088,0.597,89.889,
25,12614,3.401,85.916,
26,13140,4.847,86.844,
27,13665,0.422,84.747,
28,14190,2.154,84.936,
muestra,t,M 5A,DUT 30A,
2,530,1.401,85.351,
3,1056,3.797,89.281,
4,1580,0.000,141.187,
5,2107,3.375,143.328,
6,2632,0.597,147.179,
7,3156,0.597,140.685,
8,3682,3.453,144.042,
9,4208,2.957,146.172,
10,4732,1.267,147.724,
11,5258,2.983,145.238,
12,5784,0.422,144.603,
13,6308,1.690,145.644,
14,6834,3.504,144.108,
15,7360,2.987,147.026,
16,7884,3.509,145.357,
17,8409,0.422,143.980,
18,8936,4.792,142.544,
19,9460,2.957,196.931,
20,9985,0.000,224.234,
21,10514,0.422,224.562,
22,11039,4.160,167.626,
23,11563,0.000,95.105,
24,12090,0.597,90.209,
25,12614,0.000,90.750,
26,13140,3.375,85.543,
27,13666,3.504,85.167,
28,14191,3.658,86.436,
muestra,t,M 5A,DUT 30A,
2,531,3.401,89.353,
3,1055,3.707,95.745,
4,1581,0.000,140.643,
5,2107,0.000,143.376,
6,2631,0.945,145.533,
7,3156,2.535,144.914,
8,3681,2.983,144.464,
9,4207,0.000,145.820,
10,4732,3.017,146.216,
11,5258,4.920,143.596,
12,5783,0.422,145.069,
13,6308,0.000,144.737,
14,6836,0.000,142.678,
15,7361,0.422,142.748,
16,7886,3.848,141.822,
17,8412,0.422,143.462,
18,8938,0.597,144.292,
19,9466,0.000,204.516,
20,9992,1.334,228.718,
21,10519,0.943,231.254,
22,11045,0.000,141.664,
23,11571,4.544,94.883,
24,12096,0.597,87.139,
25,12622,2.023,91.233,
26,13148,0.422,93.659,
27,13673,0.945,85.464,
28,14198,3.017,89.646,
muestra,t,M 5A,DUT 30A,
2,529,2.987,88.528,
3,1055,3.401,95.824,
4,1582,5.644,142.409,
5,2106,3.379,144.403,
6,2631,0.597,142.523,
7,3160,3.453,142.611,
8,3685,0.945,144.581,
9,4209,3.017,144.470,
10,4736,3.820,144.641,
11,5262,0.597,144.397,
12,5787,0.000,146.018,
13,6312,1.334,144.707,
14,6838,2.069,150.204,
15,7363,4.007,141.913,
16,7888,0.422,143.172,
17,8415,0.000,143.797,
18,8940,3.133,146.326,
19,9466,3.401,192.914,
20,9991,2.834,210.674,
21,10516,0.000,222.017,
22,11042,1.266,185.583,
23,11567,3.985,99.431,
24,12093,0.943,89.532,
25,12618,0.945,86.473,
26,13144,0.597,87.834,
27,13673,2.983,85.468,
28,14198,0.597,85.804,
muestra,t,M 5A,DUT 30A,
2,530,0.844,86.140,
3,1056,0.845,93.126,
4,1580,4.550,142.500,
5,2105,0.422,142.725,
6,2631,2.983,145.194,
7,3156,1.523,145.886,
8,3681,1.035,145.511,
9,4206,3.427,144.220,
10,4733,0.422,145.392,
11,5258,0.597,145.930,
12,5783,3.013,146.446,
13,6309,3.406,146.150,
14,6834,0.422,145.489,
15,7359,0.000,144.108,
16,7886,0.943,148.143,
17,8411,3.379,148.850,
18,8936,0.000,149.070,
19,9463,0.000,204.678,
20,9990,0.597,225.234,
21,10516,0.844,230.338,
22,11041,1.401,150.182,
23,11567,0.844,97.350,
24,12091,1.195,93.367,
25,12618,2.953,87.834,
26,13142,1.267,88.383,
27,13668,1.579,86.917,
28,14195,3.479,86.770,

